-0.14473998847756964,-0.009817717910861667
-0.1447399664362977,-0.00981771790221017
-0.1447399513890365,-0.00981771780458278
-0.14473994434559825,-0.009817717914115384
-0.14473994489220013,-0.00981771792741944
-0.14473996492918467,-0.009817717875034708
-0.14473997928185836,-0.009817717944577
-0.14473999326597906,-0.009817717933260788
-0.14473999817528815,-0.009817717915916117
-0.14473999276278418,-0.009817717870054764
-0.14473997683203768,-0.009817717865610807
-0.14358540154846375,-0.009817720985956818
-0.14127510439939037,-0.009817724876226081
-0.13780956044661957,-0.009817730824970191
-0.13318853272940126,-0.009817734602341172
-0.12741203630766515,-0.00981773731817743
-0.12061627100875902,-0.009817112824424701
-0.11382112493732348,-0.009812783399723206
-0.10702528107745331,-0.009803511630706715
-0.10022861726536193,-0.009791311095636595
-0.0934321917814442,-0.00977569907670766
-0.08663617769535736,-0.00975373630070298
-0.07983940312688557,-0.009724767358129454
-0.07304193773882091,-0.009690534401940551
-0.06624442449166462,-0.009650954607408682
-0.05944668238717332,-0.009605108782085014
-0.05264841877639034,-0.009553252023277939
-0.04584981736138356,-0.009495851575801531
-0.039051006228737056,-0.009432634403987018
-0.0322518664435339,-0.009363419129471345
-0.02545202303140388,-0.009288798067492988
-0.018651265826403602,-0.009210920599258758
-0.01185041161065946,-0.009130447995504403
-0.005049517010342292,-0.009046131877374734
0.001751877198799786,-0.008957910801721685
0.00855333597694665,-0.008866091388898139
0.015354320706089674,-0.008768452159328598
0.02215573580951889,-0.008663845201249808
0.02895777493204463,-0.00855367374804385
0.03575966508105776,-0.008438245848213467
0.04256080635204257,-0.008316699550726293
0.049360970577513354,-0.0081891057554602
0.05615980051298661,-0.008055938240411297
0.06295721920393112,-0.00791703927442104
0.06975330707300008,-0.007772177199689061
0.07654812734861308,-0.007621494480351492
0.08334171466399458,-0.007465099868590474
0.09013472067249577,-0.007302809275009791
0.09692732997490631,-0.00713468400581188
0.10372016660979054,-0.006960678931062969
0.11051327570355574,-0.006780845208495176
0.11730661450011289,-0.006595149713908295
0.1241001803854758,-0.006403603316085823
0.13089396153202895,-0.0062062194484177316
0.13768794594596384,-0.00600299060839036
0.14448212849040043,-0.0057939094897954315
0.15127650154570987,-0.005578980004363255
0.15807105337702065,-0.005358203524996054
0.16486576792604876,-0.005131580273273728
0.17166063343772606,-0.004899106890920759
0.17845562330539894,-0.004660785704157655
0.18525073140225654,-0.004416618003750496
0.19204625576771858,-0.004166603436215592
0.1988419456479155,-0.003910741994907076
0.2056378123289828,-0.003649035927220771
0.21243386772723927,-0.003381488030515862
0.2192301264363237,-0.0031081195782346306
0.22602625116072714,-0.002828880745978555
0.23282167539611687,-0.0025438675266794626
0.23961613873836504,-0.0022530528433610756
0.246409328332832,-0.001956456364216461
0.2532011191902579,-0.001654081955778952
0.25999157040745774,-0.0013459277099741492
0.2667808830506615,-0.0010319662546744283
0.2735692759562997,-0.0007122203017959135
0.2803572219973751,-0.0003865884883034118
0.28714493862530704,-5.51452109780276e-05
0.29393286802595553,0.00028217403599171693
0.3007210276628128,0.0006253643257242163
0.307509394744219,0.0009744051855251544
0.31429796056494635,0.0013292987936728547
0.32108671909468117,0.0016900443300593066
0.3278756605728476,0.0020566353873356594
0.3346647813229856,0.002429076044199352
0.34145407396512706,0.0028073677365791686
0.3482435315031992,0.003191510400792997
0.35503295045297156,0.003581490107221245
0.3618219964214829,0.003977283964989898
0.36861042554105866,0.004378920074013788
0.3753979625910133,0.004786328087057744
0.38218446470696543,0.005199521025072579
0.3889698746273843,0.0056184877494130665
0.39575423610872307,0.0060432281730805025
0.40253767290462567,0.006473822350920135
0.40932038498202183,0.006910160521388873
0.4161026025868157,0.0073523533199328665
0.42288455778801276,0.007800383531554481
0.42966648755081316,0.008254298664207156
0.436448549185734,0.008714048958503955
0.44323070733799413,0.009179658020653843
0.4500129735691925,0.009651115165747862
0.45679533664131533,0.0101284287043656
0.4635776809933162,0.010611578651062173
0.4703598126146424,0.011100576851915593
0.4771415366141578,0.011595383403368596
0.48392266894852465,0.012096041732433132
0.49070305387686736,0.012602462865643219
0.4974825919913081,0.013114671805898865
0.5042612356984594,0.013632703656519878
0.5110390088567579,0.014156468998729752
0.5178159794640682,0.014686072865905458
0.5245922679151908,0.015221474033276287
0.5313680031653112,0.015762669279240873
0.5381433322136058,0.016309710111678307
0.5449183817356217,0.016862600514670437
0.5516932285704143,0.01742129925807709
0.5584679598965833,0.01798584509001144
0.5652425603827498,0.018556273844930454
0.5720169864374639,0.019132523869934043
0.5787911402505133,0.019714599743135938
0.5855649077653029,0.020302524664558445
0.5923381487031856,0.02089623724219558
0.599110770094784,0.021495785080870397
0.6058822818756581,0.022101451140833964
0.6126521991911559,0.0227153577486049
0.6194212190198015,0.023338314790825536
0.6261895542492902,0.023969138688551925
0.6329567628459789,0.024607555761353515
0.6397229204145418,0.025254417978895907
0.6464883835170879,0.02590955561133517
0.6532531571239436,0.026572635871313238
0.6600171685637035,0.027243833210555672
0.6667805588980098,0.02792329583036004
0.6735433844561499,0.028610908479138455
0.6803055953037421,0.029306592790797604
0.6870671285440522,0.030010465424665834
0.693827938834646,0.030722477963241616
0.7005879396487328,0.03144262208589947
0.7073470581875871,0.03217089407397775
0.714105210000556,0.032907242986029435
0.7208623456290506,0.03365175710928633
0.7276184345835116,0.034404304118444716
0.7343734405994943,0.03516496539846958
0.7411273822282174,0.0359337439345102
0.7478802818493143,0.03671061067928583
0.7546321695157747,0.03749562253168267
0.761383089142704,0.03828868056217042
0.7681330817079153,0.039089907770064505
0.7748821980991426,0.03989923268649332
0.7816304331128477,0.040716705322068
0.788377818158859,0.04154230512948329
0.7951243382683176,0.042376033881399315
0.8018699563393467,0.0432178826394756
0.8086146348592008,0.04406785087987084
0.8153583267717142,0.04492596017517369
0.8221009820145524,0.045792117785509685
0.8288425478168592,0.04666638397019437
0.8355829753999839,0.047548778869004805
0.8423222484767415,0.048439195570020105
0.8490603271222464,0.04933774558993514
0.8557972244367874,0.05024434300660904
0.8625329496317085,0.0511590469247393
0.8692675267293634,0.052081850557442334
0.8760009760214834,0.05301273473719073
0.8827333312905604,0.05395173094566566
0.889464602610404,0.054898827193293545
0.8961948073539941,0.0558540314853412
0.9029239331539737,0.05681733892122508
0.9096519800213904,0.05778877636737204
0.9163789228240604,0.05876825318150863
0.9231047158557333,0.05975586230358484
0.9298293403645371,0.060751529584326364
0.9365527256944959,0.061755289894599164
0.9432748756096282,0.06276713530286773
0.9499957649106925,0.06378702098622295
0.9567153725969275,0.06481500707070072
0.9634336882095142,0.06585102815825575
0.9701507072480388,0.06689513924741977
0.9768664221222583,0.06794733841892486
0.9835808506250064,0.06900756211557581
0.9902939891431035,0.0700758919536442
0.9970058531263852,0.07115228460336434
1.0037160376821277,0.07223708749689012
1.0104239592582005,0.07333230638650322
1.0171302909383633,0.07443890440099189
1.023835286439233,0.07555558225166283
1.0305384729550215,0.0766821585765806
1.0372397628893244,0.07781936077658771
1.0439393865342215,0.07896714178433147
1.0506372925674736,0.08012500483753394
1.0573332908580524,0.08129319167690655
1.0640274375031133,0.08247182189563951
1.070719750664994,0.08366079637210416
1.0774101949538937,0.08486006341071405
1.084098724141129,0.08606963496270724
1.0907853640010257,0.08728963601672458
1.097470138698193,0.08851988039077299
1.1041530027650548,0.0897604831113111
1.1108339344427676,0.09101142535369634
1.1175129714409224,0.09227270848138724
1.1241900624310843,0.09354431077818809
1.1308652140844404,0.09482621530461684
1.1375383937166568,0.09611847024931962
1.1442095840981696,0.09742099058075585
1.1508787558329567,0.09873383351838831
1.1575458936841034,0.10005698358434287
1.1642109616638578,0.10139043830742499
1.1708739425936863,0.1027341694022179
1.1775347943040302,0.10408820133843794
1.1841935456153596,0.10545251109372686
1.1908501617183822,0.10682711705167419
1.19750465766713,0.10821202104998928
1.2041570107882948,0.10960721486787037
1.2108071835694039,0.11101270509595514
1.2174552099155858,0.11242843364664581
1.22410104362734,0.11385444780585134
1.2307446731234806,0.1152907448642931
1.2373860862327997,0.11673730934296479
1.2440252637888942,0.11819413994906998
1.250662164064116,0.11966124118691829
1.257296812135683,0.12113854339476045
1.2639291430507094,0.12262613365744271
1.2705591612209164,0.12412395131048222
1.2771868349812456,0.12563201811345107
1.2838121553755804,0.12715036914608832
1.2904351424611724,0.128678880343993
1.2970557572173909,0.130217673348776
1.3036739970088067,0.131766702342594
1.310289846130745,0.1333259637076427
1.3169032666534337,0.13489546554633217
1.3235142661240973,0.13647517166905035
1.3301228360019732,0.1380650735075127
1.3367289418674138,0.13966521256928938
1.3433325289939817,0.1412755450190428
1.3499336126316528,0.14289611484885578
1.3565321958159813,0.1445268214046565
1.3631282231065742,0.1461677561019746
1.3697217258524015,0.14781886941514613
1.3763126747309173,0.14948018509745398
1.3829010593620115,0.1511516895800962
1.389486417376549,0.1528336530841961
1.3960679630527038,0.15452808331142331
1.4026462779808035,0.15623587546625753
1.4092216922935683,0.15795590922077832
1.415793783961408,0.1596878157988382
1.4223623812962958,0.16143242413012096
1.4289277677881458,0.16318962055970013
1.4354899157142487,0.16495904017258933
1.4420486518705564,0.16674078900920059
1.4486039585603183,0.16853505518253098
1.4551559486355237,0.17034166278181373
1.4617045228902066,0.1721605866552544
1.468249583635798,0.17399188341407784
1.474791182453261,0.17583560707299356
1.4813292893094352,0.17769160662236572
1.4878638873865333,0.17955997527875248
1.4943949465226032,0.18144070161925882
1.5009224222409971,0.18333377763397304
1.5074463547688974,0.1852391312290933
1.5139666756598134,0.18715681828106456
1.5204833724284592,0.18908685038379666
1.526996367729748,0.19102914685066988
1.53350567794015,0.19298377787125967
1.5400113035520886,0.19495065432267492
1.5465131987174887,0.19692985163651483
1.5530113191238526,0.19892133155931518
1.5595057091482571,0.20092503966436132
1.5659963041196896,0.20294102612994513
1.5724830851784344,0.20496928596787564
1.5789660015956657,0.2070098104449428
1.5854450702855967,0.2090625357580298
1.5919202085562243,0.21112749942342393
1.5983914520261202,0.21320472056327475
1.604858730975107,0.21529416419366476
1.6113220944761126,0.217395780832673
1.6177814778617863,0.21950961811833422
1.6242368620501266,0.22163567027107148
1.6306882333045216,0.2237739176190257
1.6371355117734743,0.22592432433244464
1.643578715015127,0.22808693951530468
1.650017833329279,0.2302616710348434
1.6564528014299782,0.23244862060556853
1.6628836623625676,0.23464766509666704
1.6693103586443108,0.23685886920599344
1.6757324204056814,0.23908247618027248
1.6821488846915509,0.24132035467962543
1.6885602297466094,0.2435735411163298
1.694966883134925,0.24584083796817374
1.7013684625555638,0.24812188962304266
1.7077646865827578,0.2504174805651171
1.714155823787317,0.25272759495172875
1.7205419054844615,0.2550517108010271
1.7269227135187843,0.2573900742403187
1.7332982305752327,0.25974275818124454
1.739668558601714,0.2621096567620336
1.7460340481003953,0.2644904957983952
1.7523956402144276,0.26688345000807445
1.7587528580403968,0.26928748479805326
1.765105142452408,0.27170371942595134
1.7714524088858143,0.27413259294132164
1.777793788739807,0.2765754081589367
1.784129523324548,0.2790330531143913
1.7904600049179764,0.28150483707645385
1.7967850094757207,0.2839903524907803
1.8031042344347181,0.28649011174317174
1.8094179311974172,0.28900412050509844
1.815726091334592,0.2915321186588892
1.82202856366122,0.29407412902872565
1.8283253131672508,0.2966302909815696
1.8346163763206706,0.29920053812548686
1.8409016777296172,0.3017847797948821
1.8471812180583929,0.30438298801875446
1.8534548952954661,0.3069952794989418
1.8597227522202473,0.30962156133037344
1.8659846866067573,0.31226177673130634
1.872240714189102,0.3149160290377005
1.8784907993473536,0.3175842045155446
1.884734946241142,0.3202662997600062
1.8909730811935401,0.32296236029121017
1.8972051901324352,0.3256723460167407
1.903431244921167,0.3283962422714181
1.9096511983795994,0.3311340444069288
1.9158650271107631,0.3338856973682648
1.9220727166672318,0.3366512035737927
1.928274171345514,0.33943055514507553
1.9344693967992304,0.3422237874438954
1.9406583873305385,0.3450307889524247
1.9468410589898815,0.3478516656405562
1.9530169900089325,0.3506864821368984
1.9591849733320994,0.35353710065962346
1.9653453840734456,0.35640456568440737
1.9714987983939603,0.35928772864189457
1.9776447937705675,0.3621862530104605
1.983783050220679,0.3651008220430249
1.9899138715971956,0.3680313576239845
1.996037231863622,0.37097752167493153
2.0021529008101835,0.37393935400029205
2.0082608371323967,0.3769171026911191
2.014361167063816,0.37991047891843216
2.02045421894525,0.38291937929422254
2.02654116561335,0.38594195439574464
2.032621566954601,0.3889772521635408
2.0386948008845596,0.39202626075201225
2.044760714691123,0.3950894804674839
2.0508183186734232,0.3981679916557194
2.0568676901494505,0.4012628186449208
2.06290938681242,0.4043731909964249
2.0689431002006677,0.40749876176771554
2.074968578568124,0.4106399082972712
2.080985915413093,0.41379675371614233
2.0869951998542797,0.4169690119593047
2.092996283708067,0.4201566527701032
2.098989080622331,0.42335983594557486
2.1049736456701087,0.42657844092380254
2.110949947838234,0.42981238245226105
2.1169178672326656,0.43306174781207396
2.122877362432056,0.43632653921176123
2.128828468953769,0.4396065854352791
2.134771075299866,0.4429019725379139
2.1407051664809806,0.44621266089139083
2.1466307059929495,0.4495386553801606
2.1525476766951104,0.45287986425705945
2.158456045494452,0.45623627882108575
2.164355733121631,0.4596079414740366
2.170246725914493,0.4629947914269819
2.1761289840084324,0.4663968058399535
2.1820024562133686,0.46981394150313216
2.1878670988238866,0.47324620765807873
2.193722867695566,0.47669351788345815
2.199569710560273,0.4801559548701225
2.2054076524474366,0.4836333873940673
2.211236601969648,0.48712589094507003
2.217056053538968,0.49063355808301623
2.2228646443887974,0.4941580163830938
2.2286625902752655,0.4977003740310222
2.2344506086088285,0.501259486809499
2.2402282955664368,0.5048349823793429
2.2459952477996725,0.5084275196711077
2.2517516838279246,0.5120371236178575
2.2574977066723845,0.5156632903852858
2.2632330677292933,0.5193061712222407
2.2689577168231905,0.5229658869315298
2.2746721821793248,0.5266422076028946
2.280377817297066,0.5303333255333947
2.2860742589590806,0.5340382018483694
2.291760691627207,0.5377579323785713
2.297437457721404,0.541492774882529
2.303104335742942,0.5452421290043862
2.308759587006613,0.5490076431671598
2.3144033659526215,0.5527906402161561
2.3200365038176427,0.5565901514502821
2.325658708724464,0.5604054574625634
2.3312694756639942,0.5642373041436539
2.3368690030673425,0.5680858275507653
2.3424574467988344,0.5719505256860805
2.348034557896238,0.5758314094091687
2.3536002258059496,0.5797286883130356
2.359154573475762,0.5836421538144113
2.364697435382076,0.587571846620116
2.3702288283558186,0.5915175825614852
2.3757486313217426,0.5954795237570486
2.381256854062625,0.5994575794084225
2.386753448689257,0.6034516881706795
2.3922383532958436,0.6074618480983962
2.397711522634559,0.611488032781738
2.4031729468403755,0.615530137868495
2.4086225688758924,0.6195881467418617
2.414060280504685,0.6236621038541386
2.41948608585329,0.6277518612850385
2.4248998820279306,0.6318574962008144
2.4303017225674175,0.635978820150732
2.4356914786691704,0.6401159546607028
2.441069132486014,0.6442688177375401
2.446434667764399,0.6484373267016132
2.451788033353216,0.6526214633644581
2.4571291353600664,0.6568212563336157
2.4624574513061352,0.6610367196394681
2.467771414920142,0.6652692900548366
2.473071094189049,0.6695200854720196
2.4783573419238905,0.6737880070867578
2.483629715243882,0.6780727541103824
2.488887827476247,0.6823747781675884
2.4941318684438802,0.6866941475793581
2.499361924222298,0.6910304887977333
2.504577779230983,0.6953837857711493
2.509779842020904,0.6997541115272774
2.5149697252030925,0.7041399221661208
2.520147315694864,0.7085398863894535
2.525311598304998,0.7129549939064722
2.5304627318276918,0.7173857375801216
2.5356012698538004,0.721831221502144
2.540726243757855,0.726291611594305
2.5458359441800713,0.7307684754314341
2.5509305495001686,0.7352629919154269
2.5560109690136086,0.7397739788210125
2.5610767884103485,0.7443010031723345
2.5661275171422173,0.7488447184049758
2.5711633820838666,0.7534051436953507
2.5761845164401085,0.7579818164478344
2.581190647505827,0.7625747744153422
2.586181678694025,0.7671841678216491
2.5911577296595767,0.7718097981507548
2.5961186989030542,0.7764515532698564
2.6010644511679075,0.7811094786805832
2.605994896577629,0.7857836079962601
2.6109101657486113,0.7904736749590436
2.6158100226076186,0.7951798313564665
2.620694553524273,0.7999018897237155
2.6255636388947443,0.8046398887105309
2.6304172313693184,0.8093937689181924
2.6352552863975554,0.8141634681638711
2.640077750021019,0.8189489444116439
2.6448845795102622,0.8237501338448857
2.649675769689516,0.8285669309299347
2.6544512041796207,0.8333993539465474
2.659210835195051,0.8382473558902124
2.6639546058644914,0.8431108734366403
2.668682498378641,0.8479897867094878
2.6733944507640515,0.8528840819907723
2.678090360833521,0.8577937776080836
2.682770242878922,0.8627187616800677
2.6874335638930105,0.867658957479639
2.692078485727244,0.8726156187062587
2.696704940982226,0.8775898241386944
2.701313858818732,0.8825806881309667
2.705904946166334,0.8875877114513028
2.7104776565477953,0.8926113806591686
2.7150322304276213,0.8976516505629659
2.719569240481568,0.9027082371736045
2.724090210357676,0.9077798560589854
2.728595134149316,0.9128654474061575
2.733083007192833,0.9179657708122655
2.737554053708733,0.9230810974519018
2.7420086497991942,0.9282108877635703
2.7464465202687895,0.9333550053608141
2.7508674798771575,0.9385136362138796
2.755271071249271,0.9436867489903449
2.7596555288698505,0.9488752838624912
2.764020622782878,0.9540803598934665
2.7683673091855256,0.959301218299325
2.772695391636785,0.9645372404315228
2.7770042849125103,0.9697888964670702
2.78129406837068,0.9750563385639869
2.7855650947188675,0.9803390378825437
2.789817015377261,0.9856370312326794
2.794049694201195,0.9909504214215509
2.7982632138069516,0.9962790838238174
2.8024575344148572,1.001622867768356
2.8066325383846165,1.0069817419770954
2.810788225104792,1.0123556202763662
2.8149245065063297,1.0177444656246446
2.8190413154287315,1.0231482012021422
2.8231385519268253,1.0285667994003937
2.8272163136253217,1.0340000249206964
2.831274426644983,1.0394479450507335
2.835312803688861,1.0449104888784095
2.8393314634170066,1.0503875708706993
2.8433304127893746,1.0558790551583883
2.847309515535509,1.0613849422159032
2.8512687176539546,1.0669051667079554
2.8552079879751653,1.0724396426947596
2.8591272721302188,1.0779883003611563
2.8630265299846496,1.0835510627247027
2.8669057557279323,1.0891278062523955
2.8707647952055866,1.0947185223361018
2.8746036726517845,1.1003230963200077
2.8784217203425277,1.1059414473862899
2.8822171415596554,1.1115743787000294
2.885989640490106,1.1172229422111704
2.889740189073571,1.122886460795182
2.8934686065665716,1.1285643528755744
2.8971747714396594,1.1342570810188375
2.9008607616417037,1.139963796053892
2.9045270931936633,1.1456829435644873
2.90817230760462,1.151415095579124
2.9117964754250343,1.1571608081186555
2.9154001211191956,1.162919593131339
2.9189832344771225,1.1686909804666532
2.922545218148813,1.1744753853869523
2.926086298661299,1.1802727274450513
2.929606563535006,1.1860827499477988
2.9331053820718,1.1919052542603275
2.936580671284714,1.1977411228029358
2.940032193573527,1.203591383032558
2.9434609453510716,1.2094553454592543
2.9468669036573303,1.215332319231778
2.950249285459132,1.221222802939721
2.953608279457946,1.2271268241721396
2.956944112801425,1.233043968119444
2.9602565348063505,1.2389741811417845
2.963545458563972,1.2449174728838996
2.9668109272304175,1.2508737114129793
2.9700528127811516,1.2568428072230737
2.973271092083843,1.262824590290704
2.976465740187214,1.268819059403653
2.979636631129291,1.2748261171041886
2.9827837920235414,1.2808456442422567
2.985907132284549,1.2868775786196363
2.989006690132037,1.2929217821934793
2.9920823889976176,1.2989781566101557
2.995134091895883,1.3050466657935065
2.998161804109099,1.3111271901683905
3.0011654794293645,1.3172196337230444
3.0041450603843245,1.3233239099986258
3.0071006142096546,1.3294398436405317
3.0100318189312216,1.3355674797664914
3.012938931806315,1.3417065301934532
3.0158216771952264,1.3478570815861957
3.0186801231802507,1.354018980315633
3.0215142681502254,1.36019207921166
3.024323981322388,1.3663763394094481
3.0271092191125413,1.3725716695783658
3.0298694757159566,1.378777800457249
3.032603162596948,1.3849953985453964
3.035311969923461,1.3912247842172842
3.037997188063121,1.3974644352572176
3.0406578340155566,1.4037140615969745
3.0432930382157513,1.409974554754802
3.0459036908317696,1.4162456075327365
3.0484899320170067,1.4225266596348347
3.051051173999818,1.4288178174746198
3.053587357320575,1.435119215661196
3.056098757156292,1.4414305775458964
3.0585852344715483,1.4477517411119747
3.061046623903417,1.4540827193587063
3.0634831012110006,1.4604233518416618
3.0658943861441164,1.4667735980918373
3.0682807072421565,1.4731331993536325
3.0706413040824763,1.4795020604970996
3.0729742166963256,1.4858804971746862
3.0752789760494146,1.4922693690095314
3.0775566666929413,1.498668253226961
3.0798071964892078,1.5050765539191193
3.0820298928554863,1.511494450759372
3.0842248843193705,1.5179220207407076
3.086392473329714,1.5243589340947135
3.088532482881851,1.5308049645369322
3.090644649260306,1.5372601754708575
3.092729062731429,1.5437244498684282
3.094785733842677,1.5501975904399459
3.0968145963429836,1.5566794230836976
3.0988156399276483,1.5631699378081707
3.100788698102318,1.5696689887696933
3.1027339121350708,1.5761764549920256
3.104651234947286,1.5826921766677937
3.106540547951359,1.5892160888873093
3.108401790226674,1.5957480911171942
3.110235006558756,1.6022879806723063
3.1120402090716954,1.6088356908558825
3.1138172574084457,1.6153911071085296
3.1155660428233545,1.621954124225154
3.1172867310364056,1.628524520786957
3.118979204974607,1.6351022778994806
3.120643395386227,1.6416872486164866
3.1222791680412896,1.6482793375885296
3.1238867839044917,1.6548783110020089
3.125466031625952,1.6614841691304048
3.127016858756656,1.6680967643380569
3.1285392262748384,1.6747159487224172
3.130033327079032,1.6813415998063979
3.131498929598508,1.6879736046040017
3.1329360239722504,1.6946118550608704
3.1343445477907768,1.70125624635372
3.135724688132991,1.7079065299408747
3.1370762272879946,1.7145627068685954
3.1383990606478704,1.7212246090694816
3.1396933365154287,1.7278921560693594
3.140959035034839,1.7345651624309144
3.142196032598,1.7412435495236926
3.1434043038121557,1.7479271977170943
3.1445838578655776,1.7546159768903298
3.145734672412774,1.7613097666075537
3.146856761656298,1.76800846238071
3.147950155755927,1.7747118781339564
3.149014736748543,1.7814199350425737
3.1500500492821386,1.7881322324477817
3.1510540007988572,1.794848676689694
3.152026297512076,1.8015703483535437
3.1529703511366862,1.8082969895459067
3.153886916712373,1.8150269511700923
3.1547739193099935,1.8217604924815562
3.155631293401392,1.828498151421468
3.156460395430455,1.8352395243270296
3.1572606398825678,1.8419841451625334
3.158031581821914,1.848732154514985
3.1587735007140325,1.8554835475472822
3.159486638293279,1.8622380614406653
3.1601708100185526,1.868995475657459
3.160825839551813,1.8757558055229726
3.1614518499297652,1.8825189205872759
3.1620488640733697,1.8892846396087617
3.1626163868961346,1.896052546467644
3.1631523304037423,1.9028224704291987
3.163656029061316,1.9095950508850397
3.1641286384174925,1.9163701570667302
3.164570213995271,1.923147171448753
3.164980044017111,1.9299260601959438
3.165358366045841,1.9367069296330628
3.165705337783451,1.9434894873955972
3.166020987346974,1.9502734520624208
3.166304992792745,1.95705883770997
3.166557534011809,1.9638455134413646
3.1667790436333325,1.970633621758733
3.166971661837222,1.9774232209443707
3.1671360785997322,1.984213336852681
3.167270963392729,1.9910038277577364
3.167376263671818,1.99779502543316
3.167452320709792,2.004586393737716
3.16749689471236,2.011377249423452
3.1675087878356676,2.0181684600794036
3.167489555019994,2.0249600262018506
3.1674394265733015,2.0317512255509165
3.1673574489578122,2.0385419638021447
3.1672437357747585,2.045332395422733
3.1670987479437183,2.0521222866275313
3.1669223469280223,2.0589113661909795
3.1667144097018034,2.065699543382324
3.1664750205636105,2.0724867241910325
3.1662041610307887,2.079272708956247
3.16590188777683,2.0860573437002308
3.165568035795463,2.0928404750023417
3.165202828866483,2.099622022742523
3.164806209100883,2.106401779204296
3.1643781050532187,2.1131796252925117
3.163918565022595,2.1199554257053546
3.1634276100387018,2.126729032132323
3.162905281271908,2.13350029067355
3.1623516331881785,2.140269055513998
3.161766575321057,2.147035183788
3.161150118175665,2.153798531276877
3.160502303026012,2.1605589541611203
3.1598231384627815,2.1673163022364412
3.159112678779875,2.174070426192835
3.158370986849325,2.180821196223518
3.157597927112126,2.1875684488076304
3.1567936577059634,2.194312014827495
3.155957979157084,2.2010517704200305
3.1550911946544606,2.207787581183228
3.154193211447451,2.214519312949167
3.15326394538719,2.221246807993339
3.152303490194509,2.22796992897875
3.1513118635209585,2.234688532720453
3.150289083843537,2.2414024517464646
3.149235275613768,2.248111562746771
3.148150404144332,2.2548157325498304
3.147034387742005,2.2615147968885667
3.145887322628526,2.2682086212172567
3.1447091988678806,2.274897030998588
3.1435001840567334,2.281579924905834
3.1422601749268226,2.2882570949064873
3.1409892004561732,2.2949284591183288
3.13968727042,2.301593864370975
3.1383544292274967,2.3082531663435226
3.13699074356397,2.3149061869965655
3.1355962932312065,2.321552855435352
3.1341710023108993,2.328192984634531
3.1327149000661896,2.334826435048603
3.131228052485441,2.3414530696387637
3.12971048957792,2.3480727433712953
3.1281622836751177,2.3546852723924934
3.1265835175855905,2.3612905986842905
3.124974115157486,2.367888528950532
3.123334103442404,2.374478925054051
3.121663525183208,2.3810616613364886
3.1199625516154184,2.3876365308622693
3.118230997388218,2.394203433722803
3.1164691084193006,2.400762252310206
3.114676748877691,2.407312828337026
3.112854018447002,2.4138550313094407
3.1110009518143777,2.4203887041775376
3.1091176896019133,2.426913719299803
3.107204220561415,2.433429958347988
3.105260486804144,2.439937241376262
3.103286604661926,2.446435446826894
3.1012826142699166,2.452924435106388
3.099248553438825,2.4594040527332326
3.0971845630983736,2.465874177815331
3.095090624670403,2.472334678219354
3.0929666528232005,2.4787853590572855
3.0908128891622924,2.48522613485234
3.0886291728658875,2.4916568140982225
3.086415782417182,2.4980773440517465
3.0841726021543563,2.5044875351223563
3.08189967589522,2.5108872524446273
3.079597084497135,2.5172763681980737
3.0772648761361254,2.5236547419134148
3.0749031415904517,2.530022221848939
3.0725119853589966,2.5363787233028003
3.070091356184717,2.5427240595914493
3.0676413034667713,2.5490580971989325
3.0651619111702053,2.555380710790274
3.06265322700603,2.561691761617985
3.060115337908781,2.5679911030040206
3.057548377098525,2.5742786517913476
3.0549521245074525,2.580554161694429
3.052326933823807,2.586817597159137
3.04967262341942,2.5930687532471426
3.0469894373231616,2.5993075610084917
3.04427737172025,2.6055338841827456
3.0415363845157644,2.611747542679155
3.0387666051773325,2.617948430858826
3.035968093805352,2.624136414756585
3.0331409086630376,2.630311348338742
3.0302852084781473,2.636473130489802
3.027401004326385,2.64262162698158
3.024488259363105,2.648756658885107
3.021547026794397,2.6548780931793927
3.0185776648956324,2.660985870875297
3.015579832769816,2.667079758221593
3.012553942635802,2.6731597064047765
3.0094997983760803,2.67922554103673
3.0064175464650327,2.685277152496697
3.0033072482887837,2.6913144078438607
3.000169003662402,2.6973371737584677
2.997002930619347,2.703345369226961
2.993808997596459,2.70933880744441
2.990587271076575,2.7153173613370907
2.9873378523687415,2.721280916384771
2.9840608096274814,2.7272293411858453
2.9807562481327925,2.73316250669293
2.9774242895076526,2.7390803329094227
2.9740649036244573,2.744982632794136
2.9706781468358106,2.7508692731492728
2.967264202762765,2.7567401569311683
2.963822989583478,2.7625951051654924
2.9603547849613823,2.7684340673384638
2.956859470405893,2.774256862268231
2.953337184223403,2.780063391730983
2.94978799839329,2.7858535291860536
2.9462119825242263,2.791627138916855
2.942609305423536,2.7973841417112673
2.938979999166678,2.803124400457104
2.9353240479779594,2.8088477354386567
2.931641596200011,2.814554062168537
2.9279327206689447,2.8202432567647016
2.9241974837566227,2.825915172660957
2.9204361344198704,2.8315697699781013
2.9166485103647184,2.8372068030251594
2.9128348533445205,2.8428262287919517
2.908995124617891,2.848427891328373
2.905129480035884,2.854011693654653
2.9012380522936625,2.859577562601825
2.897320826107547,2.865125310734735
2.893377880113246,2.8706548199508464
2.8894093272763444,2.8761659887460964
2.88541524962672,2.881658694763781
2.88139576294306,2.8871328269916
2.8773510049057927,2.892588315204505
2.873280967315069,2.8980249739256037
2.869185732762562,2.9034426877313875
2.865065416105979,2.908841358207889
2.860920069599236,2.914220842196356
2.856749986542211,2.919581117428722
2.852554956438896,2.9249219092662946
2.8483353361120494,2.9302432535029173
2.8440910045340235,2.935544934070816
2.839822118936394,2.940826869751987
2.835528855726695,2.946089003058102
2.8312112643108747,2.9513311962560453
2.8268693475168734,2.9565532702534956
2.82250325880616,2.961755158317347
2.8181130890770474,2.966936746567869
2.8136989252381497,2.9720979146307864
2.809260944614372,2.977238610558733
2.8047992016978407,2.9823586984872086
2.8003136641784403,2.987457951207305
2.79580465715984,2.9925364276280644
2.7912720123286547,2.9975938355458664
2.7867161222792225,3.0026302780294793
2.7821368826953763,3.0076455115506686
2.777534404870323,3.0126394386311013
2.7729088135651296,3.0176119733490427
2.7682602039685897,3.022563005091027
2.763588700781367,3.027492441566305
2.7588944554131687,3.0324002227431257
2.754177479194334,3.0372861647631555
2.749437868039238,3.042150162678504
2.7446757478568062,3.0469921334183896
2.7398912163989846,3.051811968896066
2.7350843990666074,3.056609580379719
2.7302554487348996,3.0613849098198678
2.725404339280668,3.06613770911948
2.720531348369386,3.0708680295217667
2.7156363560159194,3.0755755982734883
2.710719677000477,3.0802605005562307
2.705781352624107,3.0849225801661273
2.70082140712423,3.089561662460658
2.6958399998850315,3.0941777004443396
2.690837235632993,3.0987705938022954
2.6858132150559904,3.1033402359589117
2.680768120488732,3.1078865961374254
2.6757020258606476,3.1124095420191287
2.6706149579622336,3.116908899158655
2.6655070772367786,3.121384623224431
2.6603784663662045,3.125836585611433
2.655229371656584,3.130264777075121
2.6500597724787776,3.1346690223374094
2.644869812499309,3.139049228522734
2.6396595686482276,3.1434053068203616
2.6344291699495512,3.1477371731385215
2.629178748729466,3.152044755459784
2.6239084688639274,3.1563280089105454
2.618618362431727,3.1605867577760143
2.613308539136465,3.164820911834124
2.6079791350136152,3.1690304053589538
2.602630260683061,3.173215144303663
2.5972620483433295,3.177375059434221
2.591874663299532,3.1815101055725314
2.586468140138574,3.185620103624952
2.5810425892372515,3.1897049612905177
2.5755981417682263,3.193764589436337
2.5701349882196465,3.1977989419801855
2.564653217290916,3.201807958488472
2.559152869628152,3.205791450990133
2.5536341034024845,3.209749395164368
2.548097036844695,3.2136817045701433
2.5425417798186167,3.2175882877034465
2.5369685176014873,3.221469140610711
2.5313773457942754,3.2253241418393412
2.525768311392528,3.229153125830238
2.520141579449083,3.2329560707686005
2.5144972682880002,3.236732891578268
2.5088354899580403,3.240483497100305
2.5031564794751486,3.244207929843358
2.4974601778076875,3.247905849023634
2.491746861391733,3.251577410577298
2.4860165222888786,3.2552223107379636
2.480269361892141,3.2588406486224533
2.4745055366401907,3.2624323580363184
2.468725097857822,3.2659972713290197
2.4629281657022277,3.2695353125922275
2.4571148834855876,3.2730464351027555
2.4512853733069675,3.2765305626766734
2.4454397721730814,3.2799876498839287
2.4395782569815467,3.2834176710898952
2.4337008818982633,3.2868204598482884
2.427807768394073,3.2901959413673936
2.4218990605899537,3.2935440677098238
2.4159748604868883,3.296864725264476
2.4100354373179096,3.300158020807523
2.4040807159094455,3.3034235786473722
2.398111019564004,3.3066615998335847
2.3921263097035363,3.309871812255504
2.3861267649042532,3.3130542272116967
2.3801125661808555,3.3162088574896353
2.374083827078865,3.319335590640313
2.368040612389534,3.3224342712510926
2.3619830895792076,3.325504901153606
2.355911387604538,3.328547414248112
2.3498256271842375,3.3315617402471256
2.343725991531464,3.3345479012614563
2.3376125976901783,3.3375057847888114
2.331485518570396,3.3404352203091445
2.325344949599521,3.343336266827991
2.3191909842386904,3.3462087261563425
2.313023783703581,3.349052679350846
2.3068434787519303,3.3518680070295774
2.3006501641271933,3.3546546078975554
2.2944439888961177,3.3574124507442593
2.288225082927355,3.3601414728575816
2.281993583487478,3.3628416494452065
2.275749677093607,3.3655129730565307
2.2694934355633616,3.368155289573391
2.263224988995955,3.370768542897327
2.256944313931646,3.373353193845262
2.250652077692717,3.375911226588637
2.244349469159899,3.378443072533226
2.238036267614108,3.3809475031786205
2.2317121762091143,3.3834239100373917
2.2253772147568602,3.3858708888157576
2.21903059087165,3.388287746799548
2.212672649287275,3.3906754267118138
2.206303968002017,3.3930339578903785
2.1999244401886515,3.395362664561525
2.1935340327261468,3.3976616197745075
2.1871330333952983,3.3999310536268563
2.180721641541973,3.4021708138917903
2.174299933992689,3.404380811431862
2.1678680322270996,3.406561041382263
2.1614258769110104,3.4087118896921202
2.154974020226735,3.410835385410573
2.1485135626219707,3.412931952894531
2.142044426025288,3.415000476050633
2.135566149853399,3.417040852643946
2.1290791336898365,3.419053565735723
2.1225839364561487,3.4210381778484047
2.116080147802634,3.422992153326895
2.1095667834270375,3.424915019157427
2.103044402564291,3.426808162492198
2.0965136580510673,3.4286713351869706
2.089974384155001,3.4305039850284316
2.08342646685054,3.432306148777406
2.0768702781260036,3.434078084894913
2.0703060805697273,3.435819640758154
2.0637335903374394,3.437531161780072
2.0571532032653734,3.4392147554046946
2.0505660835932153,3.4408709021008144
2.043972204049215,3.4424984610739986
2.0373710533348364,3.4440973037722546
2.030763044430747,3.4456680988670825
2.024148498079008,3.447210526252286
2.0175274507152197,3.4487244971050535
2.0108998259473725,3.450209980980383
2.0042661525756946,3.451666625646107
1.997626424381024,3.4530921552509795
1.9909797391465573,3.454486057130235
1.9843264026794478,3.4558494951515613
1.9776670829579572,3.4571823968856914
1.9710017564547107,3.4584842162857816
1.9643300183507142,3.4597553788802182
1.9576523090332345,3.4609982475298513
1.9509698293228843,3.4622135411865247
1.9442823830453122,3.463399508880977
1.9375896570195672,3.464556415879733
1.9308919553465338,3.465684899028276
1.9241896234261182,3.4667847726134475
1.91748264585592,3.4678556973172276
1.9107710313779978,3.468897778153133
1.9040550263245803,3.4699111385597736
1.8973347711171862,3.4708956326520517
1.8906103152661893,3.4718511943495884
1.8838820614030352,3.4727775190665806
1.8771502267542182,3.4736724923654503
1.8704139827398467,3.4745352771321434
1.8636735387211874,3.47536712247987
1.8569292463253633,3.4761685342149793
1.8501811409601983,3.4769409340820214
1.843429906443849,3.4776851802599595
1.8366758217263806,3.4784001387628933
1.8299185373778462,3.4790857732149347
1.823158308906511,3.479742641204393
1.816395420579378,3.480370618088797
1.809629897806761,3.4809693522506775
1.8028618593371948,3.4815390121199647
1.796091385124764,3.482079801025397
1.7893186813338227,3.4825915039448283
1.7825438245983034,3.4830739724952147
1.7757670043996874,3.483527474434286
1.768988566901897,3.4839515227678546
1.7622088463626358,3.484343912834325
1.7554271055831356,3.484703782488939
1.7486432233657014,3.485033093002251
1.7418575411178738,3.485333875413132
1.7350709772000519,3.4856061006402084
1.7282834726837153,3.4858486157288042
1.721494760416672,3.486061920791995
1.7147051443621328,3.486246372750746
1.707914922914366,3.486401644936207
1.701124113052019,3.4865276831711207
1.6943327394344918,3.486624540939115
1.68754104283943,3.4866923239687626
1.680749142181927,3.4867310509423066
1.6739571271100426,3.48674049741976
1.6671651805281598,3.4867207702475556
1.660373346984835,3.486671978133462
1.653581815821407,3.4865940358821574
1.6467910162555535,3.4864864666332944
1.6400013984034758,3.4863472763689556
1.633211943596306,3.4861759308752647
1.6264223910368236,3.485976050080327
1.619634083955459,3.485748380917278
1.6128472427793095,3.4854909018671654
1.606061297437773,3.4852036861915767
1.5992764655986047,3.4848879320706736
1.5924932398004203,3.4845432625889896
1.585711616032315,3.484169103029086
1.5789315217411302,3.4837658035324375
1.5721532179915478,3.4833336258445877
1.565376901045976,3.48287240589858
1.5586026311484031,3.482381885033761
1.5518305105454984,3.4818624382161683
1.5450607034267616,3.4813137899441515
1.5382933418279565,3.4807362231799988
1.531528499526693,3.4801294662099744
1.5247663173663533,3.4794936723106247
1.5180069353943264,3.4788288761946857
1.5112504586648468,3.4781351498293285
1.5044970155541881,3.477412333792323
1.4977467400262843,3.4766604868165656
1.4909997482685318,3.4758798420929624
1.4842561754552384,3.475070204421424
1.4775161333042777,3.4742315550021927
1.4707797405529788,3.47336402157197
1.4640471501581516,3.472467663000309
1.457318462570753,3.4715423689545926
1.4505938041292068,3.4705880686863417
1.4438733067857312,3.4696050274381185
1.4371570758806698,3.468593155861962
1.4304452531202103,3.467552375522778
1.4237379837534851,3.4664827236924545
1.4170353563547051,3.4653844006717005
1.4103375465828805,3.464257287469206
1.4036446213864515,3.4631013996583695
1.3969567364629485,3.4619167826406008
1.390273996973735,3.460703555787559
1.3835965042958627,3.459461691166076
1.3769244081578569,3.4581911117897266
1.3702578205696978,3.456891904636634
1.3635968638556832,3.4555640845333686
1.3569416780080537,3.4542076636877628
1.3502923824088215,3.4528227543147376
1.3436490648503654,3.451409326997906
1.3370118818461225,3.4499673085641245
1.3303809428353097,3.448496793312611
1.3237563694361185,3.4469977800084246
1.3171383349148729,3.445470465314794
1.310526922508545,3.4439146757595
1.3039222445273442,3.4423305294730833
1.2973244628875404,3.4407180301672313
1.2907336296539813,3.4390773215571184
1.2841499089655937,3.437408272718444
1.2775734070905467,3.435710980842937
1.2710042451087076,3.43398547008604
1.2644425597104065,3.4322318499339475
1.2578884594890776,3.430450009931729
1.251342053952744,3.42863998331446
1.2448034871381333,3.4268020196943336
1.2382728739110778,3.4249359459279813
1.2317503352614945,3.4230417608880828
1.225235953515131,3.4211196187700827
1.218729913629637,3.419169605311005
1.212232315387398,3.417191555029096
1.2057432266099921,3.4151857519275444
1.1992628137279484,3.41315208297486
1.1927911929498984,3.411090583214383
1.1863285037758664,3.409001307039028
1.17987483286558,3.406884360522281
1.1734303382871554,3.4047397922426
1.166995123446209,3.402567454692336
1.1605693034984754,3.4003675664089794
1.1541529469713436,3.3981401776311415
1.1477462187024838,3.3958852276291593
1.1413492340795646,3.393602752066808
1.1349621017818874,3.3912928211403797
1.1285849425542025,3.388955474361568
1.1222178895483659,3.3865907883250874
1.1158610059037708,3.384198857872032
1.109514456831491,3.3817796292756044
1.1031783560625013,3.3793331436488914
1.0968528102993917,3.3768594751793923
1.0905379394406387,3.374358665316597
1.0842338615356706,3.371830874616657
1.0779407415332314,3.369275913521542
1.0716586167096662,3.366694097766169
1.0653876646262843,3.364085282969325
1.0591279592285285,3.36144959014636
1.0528796320819986,3.3587870120404526
1.0466427879292797,3.356097623779874
1.0404175675262854,3.3533814376632884
1.0342040055653556,3.350638678158911
1.0280023014746646,3.347869240579961
1.0218125485879923,3.345073151240523
1.015634867467604,3.342250459051581
1.0094693223787123,3.339401423249564
1.003316075201814,3.3365258983181167
0.9971752488561818,3.333623903674111
0.9910469124993558,3.3306956080002967
0.9849311994095321,3.327741104606381
0.9788282600562564,3.324760253162309
0.9727381195466563,3.321753343687062
0.9666609550718143,3.318720285860589
0.9605968824847989,3.315661123077548
0.9545459969228237,3.3125760177596884
0.9485084773587964,3.3094648431321034
0.9424842986770614,3.3063279782014527
0.9364737015663663,3.3031651297653575
0.9304767331394018,3.2999765537736683
0.9244934637802633,3.296762328182023
0.9185240599581735,3.293522415590171
0.9125686296837947,3.2902568695271897
0.9066272693901745,3.2869657754303674
0.9007000715156895,3.2836492537928406
0.89478719763579,3.280307227060753
0.8888887029126796,3.2769398797842286
0.8830047041181976,3.273547310455655
0.8771353262989144,3.2701294761944255
0.8712806977209703,3.26668642270788
0.8654408939964428,3.263218273484169
0.8596160333968266,3.259725104335921
0.8538061761655843,3.2562070301587993
0.8480115319360417,3.2526639680144434
0.8422321298856871,3.249096178667606
0.8364681687945476,3.24550346707098
0.8307196080933642,3.241886218536727
0.8249866730451029,3.238244219469402
0.8192694271339657,3.2345776248203415
0.8135679746785518,3.2308865283818022
0.8078823646024863,3.2271710705598986
0.8022128009288834,3.223431141129863
0.7965593718206848,3.219666853626738
0.7909220877620546,3.215878467860953
0.7853011366580316,3.2120658713146972
0.7796966382997605,3.208229107220596
0.7741086386145194,3.204368359378223
0.7685372376566124,3.200483729000712
0.7629825696051411,3.196575186488631
0.7574447829858475,3.1926427435822293
0.7519238568063198,3.1886866937480733
0.7464199974939135,3.1847069027305803
0.7409332835247611,3.1807035005543263
0.7354637690171272,3.176676639267066
0.7300116167575419,3.1726263217308994
0.724576901751572,3.1685526761180287
0.719159802411579,3.1644556056
0.7137602569843147,3.160335489379193
0.7083784989307004,3.156192130865402
0.7030145764559962,3.1520256975277645
0.6976685975123798,3.1478362612844437
0.6923406096270673,3.143623979392328
0.6870307511499185,3.1393888603305067
0.6817386043037864,3.1351310835367094
0.6764627627008437,3.130852120567662
0.6712034604197796,3.126553179433533
0.6659615097118294,3.1222335837276756
0.6607368522314503,3.117892757329311
0.6555291106395912,3.1135314650495376
0.6503391389613985,3.109149773998537
0.6451687094052873,3.104746069342353
0.6400177517842208,3.1003191322436225
0.6348852436446013,3.095870429549299
0.629771353598023,3.091400145393676
0.624674880784141,3.0869092390708444
0.6195956399652687,3.082398943782484
0.6145345376050305,3.0778687109862775
0.6094915861418216,3.0733181190214065
0.6044664708404826,3.0687476608310083
0.599459344957571,3.064157663893448
0.5944705495053858,3.05954781225468
0.5894999686358003,3.0549182665321717
0.584547673413594,3.050269127671815
0.5796137958174405,3.045600489570689
0.5746984448033756,3.040912336759367
0.5698015898638752,3.0362048426631203
0.5649233310171179,3.031478087097161
0.5600638363497359,3.0267320425997895
0.5552231284354956,3.021966819642201
0.5504012699199559,3.0171825092991935
0.5455983522197744,3.012379182088892
0.5408143674157617,3.0075570216237772
0.5360495933882082,3.0027158736596538
0.5313038701978595,2.997856099474073
0.5265774434452309,2.9929775401406413
0.5218702818730694,2.988080416896498
0.5171825283989778,2.983164689747639
0.5125142267094686,2.9782304766809142
0.5078654617593291,2.9732778441495626
0.5032362495748323,2.9683069325040057
0.49862668680576155,2.963317794997694
0.494036911958377,2.9583104372382873
0.4894669494346393,2.9532849822716614
0.48491687137272316,2.948241507225185
0.4803867567485736,2.9431800831722112
0.4758765818157112,2.938100902295191
0.4713866377697674,2.9330038283282787
0.46691674876082495,2.927889207200276
0.46246712686073793,2.92275694298739
0.45803783678812254,2.9176071189943458
0.45362891314709053,2.91243983724848
0.4492404301190869,2.9072551743997193
0.4448724679947076,2.902053201091751
0.4405250360063192,2.8968340580955565
0.43619823032495925,2.8915978052991957
0.43189218865935336,2.8863444550656205
0.4276069297411938,2.881074131110307
0.4233425219219161,2.875786913843537
0.41909899770938747,2.870482921348668
0.41487651675650344,2.865162193597201
0.4106750168623287,2.8598249041927146
0.40649468267559846,2.8544710079059348
0.40233552207653217,2.8491006350413954
0.3981975881943744,2.8437138776640536
0.3940809013825411,2.8383108702569575
0.38998560540627825,2.832891624952079
0.3859117647385719,2.8274562218329997
0.3818594454569916,2.8220047578940353
0.37782864899246343,2.816537394344974
0.3738195205856386,2.8110541073825006
0.36983203756122424,2.8055550912601523
0.36586634433381776,2.8000403229850956
0.3619224654465429,2.794509926100095
0.3580004703636704,2.788963977843025
0.35410035392527106,2.7834026200388315
0.35022220727954784,2.77782592293523
0.3463661637010365,2.7722339088021424
0.3425322313806824,2.766626702526562
0.3387204729096805,2.761004389493552
0.33493089957500005,2.755367110535575
0.3311637397423236,2.7497148379309917
0.3274187999137354,2.7440478587063684
0.32369636835222343,2.738366055631808
0.31999633227634566,2.7326696535890234
0.31631887459679786,2.726958639893625
0.3126640011140966,2.7212331393428104
0.30903177192247316,2.715493240107339
0.305422252567138,2.7097390216266177
0.3018354303884502,2.7039706251876776
0.2982713944141348,2.698188128025582
0.2947302758349419,2.692391558634091
0.2912120758970259,2.6865810420458898
0.2877168520128014,2.680756667134382
0.2842446796230132,2.6749185011042127
0.2807954999890417,2.669066774565543
0.27736949711140824,2.663201441432117
0.2739667635418927,2.657322600371243
0.2705871909847421,2.651430408972669
0.26723096764609466,2.64552488992651
0.2638980938154832,2.6396061537237823
0.2605886235274193,2.633674291939223
0.25730261714500297,2.6277293869680154
0.254040055166166,2.621771579047104
0.2508010245618817,2.615800952169858
0.2475856546738474,2.609817541157493
0.24439394037504336,2.6038214710567344
0.24122595563648172,2.59781282669115
0.23808164417970581,2.5917917775842154
0.23496120061129214,2.585758328766669
0.23186460673581757,2.5797126312813616
0.2287919332012405,2.5736547256571067
0.225743216944879,2.5675847202304753
0.22271799354437727,2.5615025701793734
0.21971423745280325,2.5554091177933644
0.21673175505267694,2.5493054677756963
0.21377229037887321,2.5431913107226043
0.21083759729657614,2.537065737480571
0.20792765121615941,2.5309279864084093
0.2050414589967081,2.524778845977153
0.20217943204402186,2.518618643620769
0.1993415231290527,2.512446961900242
0.1965255194252457,2.50626444732797
0.19373090177858274,2.500072480081516
0.1909591320081247,2.493870687576968
0.1882101107905591,2.4876585145321184
0.18548311603600043,2.4814364994136877
0.18277849912157895,2.475204885748329
0.18009660653027282,2.4689634976395443
0.1774372658131995,2.462712356644315
0.17480036044153896,2.4564517047171144
0.1721860078409092,2.450181648896441
0.16959433452624229,2.4439021900336924
0.16702537266413012,2.4376133662205164
0.16447901267188067,2.431315411630561
0.1619554814669813,2.42500825659144
0.15945462446806458,2.4186920781373726
0.15697657058528944,2.4123669105694967
0.15452136859179252,2.406032837935731
0.15208904070026139,2.399689941645192
0.1496796134595921,2.3933383011858362
0.14729302457650606,2.3869780388381763
0.144929496049988,2.380609210479893
0.14258890946064331,2.3742318919319665
0.14027136887329342,2.3678462057471195
0.13797688031058808,2.3614521716379167
0.13570540210234378,2.3550499145944723
0.13345699598640112,2.348639526107158
0.13123176890185992,2.3422210442188702
0.12902969618876106,2.335794572768848
0.1268508316573163,2.329360194943651
0.1246950884153423,2.322918022879994
0.12256271703333642,2.316468105508391
0.12045349424306134,2.3100105901534094
0.11836765795325327,2.3035454816447856
0.11630515798353677,2.2970728855815383
0.11426600504650775,2.2905928725844302
0.11225017833591719,2.284105584993068
0.11025778789915303,2.2776110589739145
0.10828885825276842,2.271109375051389
0.10634340700395394,2.2646006223969217
0.10442139226342889,2.258084952885186
0.10252286266168177,2.251562381148977
0.10064790338574275,2.245033000055044
0.09879649095749238,2.2384968939756122
0.09696865577855236,2.2319541473098927
0.09516443295134282,2.225404832161667
0.09338377622539613,2.218849057888959
0.09162674935585478,2.212286925678489
0.08989349655344654,2.205718495811012
0.08818385534633687,2.1991438535396783
0.08649803415029225,2.1925631133618455
0.08483591222918568,2.185976317396382
0.08319754923881335,2.1793835931097867
0.08158300048029271,2.172784989535414
0.07999225862064277,2.166180600192943
0.07842534541706875,2.1595705079739504
0.07688225687887469,2.1529547799603215
0.07536296712646098,2.1463335985224323
0.07386760048848082,2.1397069491312486
0.07239614638090222,2.133074987669473
0.07094864025429981,2.126437725566264
0.06952500492599488,2.119795288276791
0.06812530924022049,2.1131477822868225
0.06674965760874252,2.1064952539973087
0.06539801425515207,2.099837803091881
0.06407040029844233,2.0931755162320065
0.06276683973105006,2.0865084658718596
0.06148723650842381,2.07983679236853
0.06023180730819523,2.073160529049055
0.05900041138532076,2.0664798404228217
0.057793151737711684,2.0597947229834648
0.056609984825202325,2.0531052597932944
0.05545087598084754,2.0464116091064453
0.05431592891834289,2.0397138139311464
0.053205161280178666,2.0330119575836822
0.05211861996369203,2.0263061084689915
0.05105611305205042,2.019596458656938
0.05001797457372353,2.0128829967679325
0.04900389890292962,2.006165839434418
0.048014151632721026,1.999445071129671
0.047048661049480654,1.9927207723798597
0.04610744626165104,1.9859930155958894
0.045190441854278646,1.9792618953808616
0.04429769610333156,1.9725275387476016
0.04342930032318568,1.9657899925403808
0.0425852175357747,1.9590493687988575
0.041765381845387486,1.9523057296933133
0.040969963857677386,1.945559181517808
0.040198745924800654,1.9388098721581914
0.03945198806657628,1.9320577999130084
0.038729480866663925,1.9253030475947968
0.03803130900195908,1.9185457649665612
0.03735756945120226,1.911785995974756
0.0367082177499732,1.9050238363899379
0.03608326860469697,1.8982593744914753
0.0354827390046489,1.891492681772176
0.03490655958433951,1.8847238512318583
0.03435477550068647,1.877953013960024
0.0338274752688675,1.8711802203496932
0.03332460509935981,1.8644055637756158
0.03284615056677559,1.857629125081496
0.03239217449177304,1.8508510688284538
0.03196253979301636,1.8440713931537942
0.03155748260730595,1.8372902044616302
0.031176719181842047,1.8305076592770209
0.030820501720492416,1.823723759989486
0.03048875632687254,1.8169386104375929
0.030181466097697125,1.8101522691356404
0.02989859131114933,1.8033649190160437
0.029640224655331983,1.796576547707222
0.02940641590876021,1.7897872824879322
0.02919706874023427,1.7829972612767642
0.029012150197003816,1.7762064883971367
0.02885175313458244,1.769415084009703
0.028715938784246733,1.7626231404548376
0.02860447777688093,1.7558307775067028
0.028517583259870027,1.7490380395651317
0.028455183644578348,1.7422450260911229
0.028417219270367264,1.7354518224934659
0.0284038723054877,1.7286585604874507
0.028414852936742816,1.7218653162817292
0.028450456450120298,1.715072134538827
0.028510449835741056,1.7082791723032396
0.028595012322946544,1.701486449610315
0.028704088965340435,1.6946940536726662
0.028837600191976433,1.6879020945915726
0.02899559570972645,1.681110674757255
0.029178110798914098,1.67431984268159
0.029385226229630745,1.6675297145433912
0.029616677864969736,1.6607403949463073
0.02987263492702551,1.653951927824373
0.030153111673516586,1.6471644207343767
0.03045803682760905,1.6403779846808835
0.030787449603230394,1.633592677027249
0.031141333305271416,1.6268085916548538
0.031519591246071,1.6200258385533635
0.03192242285149246,1.6132445060879315
0.032349602085052886,1.606464697012077
0.03280125493714393,1.599686467281607
0.03327734135476696,1.5929099099129165
0.03377789597100622,1.5861351063307694
0.03430288718968372,1.5793621431938658
0.034852312598801664,1.572591113080415
0.035426140004555864,1.5658221057963893
0.03602431198790367,1.559055200154189
0.036646913738984335,1.552290501928366
0.037293925833281255,1.5455281024506793
0.03796534858268693,1.5387680950758589
0.03866108500093776,1.5320105599451241
0.03938114577207913,1.5252555627329107
0.040125619651252636,1.518503203908951
0.04089444123858788,1.511753565697706
0.041687605553821463,1.505006735042174
0.042505109919854706,1.4982628159212144
0.04334682205172737,1.491521890263749
0.044212943591561304,1.484784062453743
0.0451032936683518,1.478049397099599
0.04601798560974351,1.4713179845148499
0.04695692561793835,1.4645899343402449
0.04792005923941726,1.4578652829143282
0.04890746341214825,1.4511441470490185
0.04991912833926921,1.4444266099321394
0.050955015708146395,1.437712754975942
0.05201514644939173,1.4310026909683917
0.05309932579670308,1.4242964946100174
0.05420782272947057,1.417594273507651
0.05534036349404977,1.4108960763764091
0.056497160834542044,1.404202041585319
0.05767796880215555,1.3975122030814102
0.0588829723195184,1.3908266662241577
0.06011208269590385,1.384145508549054
0.06136528691085574,1.377468821076322
0.06264254568782854,1.3707967224698259
0.06394379390292275,1.3641292337371498
0.06526910326837349,1.3574664809290022
0.0666184604111662,1.350808546928873
0.06799182386139796,1.3441555130627842
0.06938920991358202,1.337507481439675
0.07081042557660756,1.3308645444103728
0.07225563686152772,1.3242267904336786
0.07372489016831493,1.3175942988330362
0.07521787278454728,1.310967165151618
0.0767348733534676,1.3043454439526587
0.07827573941234992,1.297729247974465
0.07984036456442138,1.2911186511206492
0.08142893461084269,1.2845137166947296
0.08304118149587379,1.2779145581875204
0.08467725361605973,1.271321261861228
0.08633715762192914,1.2647339064384715
0.0880207696773689,1.258152541780846
0.08972804018204417,1.2515773272208954
0.09145904042751245,1.2450082989480602
0.09321380807200591,1.238445563090909
0.09499213425938849,1.2318891469193547
0.09679408726550506,1.2253392288266842
0.09861970968573965,1.2187958308556455
0.1004689265289379,1.2122590498666441
0.10234161570803504,1.2057289949919958
0.10423798984419848,1.1992057358339523
0.10615770815292687,1.1926893838081167
0.10810098507995579,1.1861800140870662
0.11006771921255336,1.1796776796866617
0.11205791700780718,1.1731825052134692
0.11407145063115773,1.166694543459643
0.11610833960373156,1.1602138561651296
0.11816864222914375,1.1537405666190483
0.12025230128481325,1.1472747270368129
0.12235919547381063,1.140816466413514
0.12448938980361027,1.1343658271990809
0.12664294228770012,1.127922937027024
0.12881957450336104,1.1214877935369016
0.131019503640242,1.1150605804563318
0.13324253165004094,1.1086413292251476
0.13548867268882855,1.10223010941803
0.1377580081652841,1.095827046242094
0.1400503264488607,1.0894322357007826
0.14236578519214052,1.083045761653548
0.14470413462627157,1.07666765239486
0.14706550939870935,1.0702980462757044
0.14944981447280964,1.06393698521566
0.15185706900414084,1.0575845650468385
0.15428725240576258,1.0512408528720765
0.15674020404585384,1.0449059524999547
0.15921601916443825,1.0385799296808662
0.16171472387009692,1.032262896353437
0.16423610187645157,1.0259548640659866
0.16678021162027945,1.019655990847361
0.16934704618427063,1.0133663188768685
0.17193665140701045,1.007085977706995
0.1745487437713136,1.00081495018991
0.17718368340167037,0.994553876796617
0.17984326341034948,0.9883038795641504
0.1825284668222194,0.9820646125804582
0.18523812178743615,0.9758356101103662
0.18797176182866623,0.9696173361102733
0.19073024530182828,0.9634101692438439
0.19351318167888676,0.9572134177226538
0.1963183297566365,0.9510260128091765
0.19914485658880599,0.9448486507657458
0.20199388233782764,0.9386819637041321
0.2048655699209938,0.9325255211414885
0.2077591946343274,0.9263792398720561
0.2106747975090706,0.9202435107986338
0.21361272238050133,0.9141184452069837
0.21657279182990447,0.908003942132679
0.2195547495151677,0.901900111653289
0.22255882659457463,0.8958075610129874
0.22558690199524364,0.8897275653310447
0.22863991327261843,0.8836597866877778
0.2317166896874189,0.8776037302858879
0.2348168394699703,0.8715598463027462
0.23794101855970048,0.8655284952662253
0.2410892455909149,0.8595094886236514
0.2442610592913059,0.8535028414596937
0.24745651527664506,0.8475088170029085
0.2506757557633082,0.8415275191407678
0.2539185524900563,0.8355589141081649
0.2571848144208172,0.8296031308176137
0.2604746679101901,0.823660369469043
0.2637879170990951,0.8177306288886915
0.26712463327492836,0.8118140496446177
0.27048457021870653,0.8059106391180718
0.27386782791732167,0.8000205638517431
0.27727435160497577,0.7941439015862158
0.2807040524886352,0.7882807299564017
0.2841568888321106,0.7824311501337323
0.2876327918009052,0.7765952561998609
0.29113165550755293,0.7707730883844434
0.29465351406357154,0.7649647969520382
0.29819836436414854,0.7591704956690536
0.301765957214447,0.7533902183233279
0.305356443642862,0.747624125152396
0.30896959562833937,0.7418722084987288
0.312605500496102,0.7361346344771936
0.3162640446956755,0.7304114594843649
0.3199451725168331,0.7247027751284401
0.3236488333279044,0.7190086816073257
0.3273748917058829,0.7133292269850529
0.33112332285476126,0.7076645202465432
0.33489432970899863,0.7020152203262339
0.3386891963030316,0.6963827102765907
0.34250918868126523,0.6907669264993819
0.3463531656946968,0.6851671710296539
0.3502206890746924,0.6795838796965774
0.3541122715143687,0.6740174726599449
0.35802791041382825,0.6684677890586591
0.36196725266274626,0.6629348589293443
0.3659302764537423,0.65741897056122
0.36991692503152057,0.6519201527692551
0.3739272715292398,0.6464385326019605
0.37796081597264136,0.6409735735248565
0.38201624293275593,0.6355240748722818
0.38609230930533783,0.6300902397766759
0.39018988267339877,0.6246729514054221
0.3943092612078525,0.6192720008277782
0.3984498132847292,0.6138875622209946
0.40261300893283486,0.6085215443292984
0.406800243714221,0.6031740202714276
0.4110104210495981,0.5978440617230646
0.415242882367679,0.592532033266552
0.419498209286705,0.5872385298012457
0.42377645807251396,0.5819633616246894
0.428077241578061,0.5767064862879455
0.4324004385280203,0.5714681336616564
0.4367462098753072,0.5662484916115947
0.4411143287514489,0.5610474740787331
0.44550464326940903,0.5558651903456043
0.44991721835812054,0.5507018708701839
0.45435196151718465,0.5455575533775396
0.4588087486771871,0.5404322985637713
0.463287494244495,0.5353262284588827
0.467788070259041,0.5302393999732139
0.47231049614625076,0.5251724661693238
0.47685605612306015,0.5201271098787981
0.48142583805647066,0.5151033927097061
0.48601883705981486,0.5101004873244658
0.49063453754869324,0.5051187668747839
0.49527343869075013,0.500158790711279
0.499935448949374,0.49522035165435324
0.5046201532066291,0.4903033957010068
0.5093275982406228,0.4854083172082461
0.5140576835635727,0.48053513093769024
0.5188104014225061,0.4756839582998199
0.5235855034238861,0.4708548204976897
0.5283829602622283,0.46604791014693636
0.5332026240318235,0.4612632544078077
0.538044360797044,0.4565004333472373
0.54290688113186,0.4517579549454226
0.5477889544955384,0.4470369037400159
0.552693823222706,0.4423417187345463
0.5576241170430939,0.4376723270993828
0.562577319507208,0.4330262848861793
0.5675526041785967,0.4284046426495365
0.5725511121990533,0.4238085129728809
0.5775730115072703,0.4192374247944206
0.5826173024543658,0.41469045822747763
0.587682782422737,0.410166484836619
0.5927686282286567,0.405665695983219
0.5978752817991919,0.40118881179256344
0.6030029103121186,0.3967357397573047
0.6081510906887236,0.3923063346844723
0.613319628402409,0.38790085320956574
0.618508559849948,0.38351945816800365
0.6237178862721403,0.3791622459958188
0.6289471384978557,0.37483010193426514
0.6341986733921827,0.37052695868756763
0.6394746577219252,0.3662530994877529
0.6447732810123528,0.3620064266664256
0.6500935953299312,0.35778702468194185
0.6554354503150676,0.3535942823640314
0.6607978478989913,0.34942772671509015
0.6661807222348589,0.3452879871982949
0.6715842999596278,0.34117530487952086
0.6770083618331743,0.3370894626855947
0.6824525822896239,0.33303058015607856
0.6879170413527488,0.32899906789070615
0.6934014496725989,0.3249947180780476
0.6989057464944095,0.3210176928228212
0.7044297856773707,0.3170681622303365
0.709973481077752,0.3131462858157291
0.7155364203034181,0.3092529449853409
0.7211205279054492,0.3053921724075912
0.7267278596039304,0.30156445102285395
0.7323569320327472,0.2977677160282346
0.7380066282372033,0.2940024068373456
0.7436777771355064,0.2902692562641523
0.7493694910901084,0.28656594188622053
0.755080033792744,0.28289204653458333
0.7608097019832768,0.27924891878756286
0.7665593251343835,0.27563700220571774
0.7723280196741835,0.2720552595580553
0.7781153823158179,0.2685040835920933
0.7839216879625915,0.2649840871196109
0.7897468019227211,0.26149509267924664
0.7955903076323451,0.2580369587358274
0.8014521604390242,0.2546101093799816
0.8073319090837944,0.25121547710509673
0.8132310794885388,0.24785708811029802
0.8191516770934547,0.2445357069056396
0.8250922256187601,0.24124897275693272
0.8310517795718165,0.23799752779441338
0.8370308529161957,0.23478251195577793
0.8430296378772131,0.23160318968557556
0.8490466244568177,0.22845701054759696
0.8550805713408914,0.2253442784859227
0.8611320831037929,0.22226647300670807
0.8672013860828789,0.21922330523524
0.873287665299238,0.2162140853214721
0.8793907569870145,0.21323951515214265
0.8855105987534305,0.2102996975495288
0.8916471697621883,0.20739466782066712
0.8978001171449242,0.20452372724339626
0.9039680924667042,0.20168717745399795
0.9101524656092022,0.19889293766874444
0.9163575770607751,0.19614358020688485
0.9225820773416592,0.19343413072994778
0.9288226903637836,0.19076206718340077
0.9350795426746832,0.1881302166959178
0.9413535990489285,0.18553905698987128
0.9476443221499868,0.1829875939528522
0.9539507630757834,0.1804750114978439
0.960272706910137,0.17800039299296636
0.9666091406581143,0.17556325468420148
0.972959875048264,0.1731643863769343
0.9793251503590314,0.17080407801010788
0.9857045855846529,0.1684819559208707
0.9920978007597018,0.1661973860796895
0.9985034864713491,0.16395140658435384
1.0049224301407926,0.16175361908854718
1.0113597772522007,0.15960783586048782
1.017814147476413,0.1575074558599932
1.0242822178520876,0.15545028427553112
1.0307637718929907,0.15343908078909307
1.0372601442445974,0.15147490472957392
1.0437706055786455,0.14955535179604929
1.0502939403831142,0.1476787177387205
1.0568291496465851,0.14584525212633645
1.0633767992630623,0.14405575087788203
1.069936566048652,0.1423078861673873
1.0765066285349392,0.14060018180201583
1.083087157280047,0.1389348548299398
1.0896785252111414,0.13731201342226285
1.0962783409253578,0.1357336959032595
1.102887852481011,0.13421466698595205
1.109513349469776,0.13275741899753382
1.116152442053377,0.1313521825600388
1.1228009899119946,0.1299975383271693
1.1294600722501398,0.1286980070243985
1.1361304885684171,0.12745066385430048
1.1428104180008252,0.12625255029810262
1.1494987209859306,0.12510329659267289
1.1561956105618776,0.12400335705833375
1.1629008219791284,0.1229506654892602
1.169613138089647,0.121943427951499
1.1763322960734932,0.12098136820798283
1.183057655851346,0.12006378361227381
1.1897891936495715,0.11919118252982719
1.196526699315325,0.11836098902415947
1.203270233919882,0.11757159322140147
1.2100143155744476,0.1168242769768378
1.2167563279268458,0.11615062775179198
1.2235098722963236,0.11556249125548267
1.2302744627116462,0.11503685516921476
1.237041398400715,0.11456857195169884
1.243811667308425,0.1141648851986693
1.2505878880271086,0.113821932626015
1.2573675861196165,0.11353167331171257
1.2641488380088146,0.11329465553824612
1.2709324715732973,0.1131110250028766
1.2777184160047925,0.11297580362742622
1.2845055675398587,0.11288684954792493
1.2912934679637684,0.11284242594057951
1.2980924546462478,0.11283008253791049
1.30492271643032,0.11277178263834485
1.3117655211050607,0.11255815501956422
1.3185852040695731,0.11220225156717116
1.3253944720534536,0.1117596335683634
1.3322067747645316,0.11120839805347475
1.3390066164476606,0.11052330856468875
1.3457875177343936,0.10972408461140644
1.352556930149863,0.10881955125962126
1.359312763668085,0.10779744697093338
1.3660478602415747,0.10665602889597732
1.372762023515229,0.10540319072886245
1.3794557809972294,0.10403814853349154
1.3861255314873688,0.10255748607164307
