-0.12548130919551498,-0.0025029733557931683
-0.12548129474751837,-0.002502973382724494
-0.12548130026773782,-0.002502973341741661
-0.1254813109860539,-0.002502973397751074
-0.12548132178274896,-0.0025029732769029306
-0.1254813187899535,-0.002502973350815037
-0.12548130721002035,-0.0025029733958269497
-0.1254812911242154,-0.0025029733893731157
-0.12548128803690398,-0.002502973320170839
-0.12548128686375132,-0.0025029734072443527
-0.12548128713633316,-0.0025029733730660576
-0.12432672165623401,-0.00250297693124233
-0.12201651239774537,-0.002502981861415781
-0.11855091361332358,-0.0025029893771655338
-0.11392985729812984,-0.002502995909832612
-0.10815333532352331,-0.0025030013863902864
-0.101357544741101,-0.0025023803629887153
-0.09456237352542399,-0.0024980543682895672
-0.08776650468319863,-0.0024887870782993073
-0.08096981609498607,-0.0024765890854004735
-0.07417302353586473,-0.0024613715340508152
-0.0673760228492547,-0.0024422996756501853
-0.06057845676409414,-0.0024195233782526833
-0.053780476737957064,-0.0023934853894832723
-0.04698224809726344,-0.0023640128382247418
-0.040183655272959924,-0.002330862530855451
-0.03338464582173125,-0.0022942204136519122
-0.02658530333120661,-0.002254172911664628
-0.019785643039391034,-0.00221059671140411
-0.012985622142984644,-0.002163473850073991
-0.0061852491239988835,-0.0021128758258488188
0.0006154471350242329,-0.002058796067310925
0.00741612608837325,-0.002000800454357156
0.014216504526068844,-0.001936808957817528
0.021017380522849384,-0.001866059689344076
0.027818834670799226,-0.0017897911963187974
0.03462039137104447,-0.0017081276140872748
0.04142210869736045,-0.001620363188898666
0.048224347645931386,-0.0015266134976918131
0.05502632181822854,-0.0014272213420886432
0.06182764448869295,-0.0013220541409246218
0.06862801881180965,-0.0012109597575500123
0.07542699613730285,-0.0010940719111294757
0.08222465701934996,-0.0009714367183867245
0.08902098744932344,-0.000842965631996498
0.09581590572922714,-0.000708665800848581
0.10260991226610619,-0.0005685290306065691
0.10940301113599973,-0.00042261617752467124
0.11619607269902325,-0.00027079314573471886
0.12298931205633697,-0.00011313282424848416
0.12978282163706067,5.038306908019816e-05
0.13657657415411786,0.0002197405394600741
0.14337056210150478,0.00039494627635463543
0.15016478043029602,0.0005759969907885314
0.15695921920189573,0.0007628898189330316
0.16375386907743317,0.0009556293427973425
0.17054872230383245,0.0011542182102629096
0.17734376943046448,0.0013586551335392678
0.1841389940026673,0.0015689366299315962
0.1909343825943751,0.0017850666588830023
0.19772990885352895,0.0020070448850137627
0.20452557509645147,0.0022348692039968684
0.21132166743077646,0.002468539284369526
0.21811793881345282,0.0027080556314363255
0.2249144017700774,0.0029534162112662575
0.23171106808270575,0.003204617991529199
0.2385079734623181,0.0034616637491774096
0.24530476260025252,0.0037245223783505302
0.2521011217089335,0.0039932285814450585
0.258896435371003,0.004267699603093903
0.26569051744809236,0.004547958759766965
0.2724831764151903,0.004834000320021083
0.27927444210725855,0.005125818988766017
0.28606459042511023,0.005423453681903566
0.2928537821142102,0.005726886635439019
0.29964243233116544,0.006036145632122214
0.3064308872518677,0.006351275002212251
0.31321948533333843,0.006672278930069613
0.3200083166895307,0.0069991337782550804
0.32679737458182684,0.0073318434917319115
0.3335866463353701,0.007670404948529514
0.34037612661822597,0.00801481934963623
0.34716580357354915,0.008365078575733513
0.3539556746659095,0.008721187272028339
0.3607457324571225,0.009083146825376748
0.36753596987034604,0.009450957568451159
0.37432630220399643,0.009824625385587205
0.3811163833481296,0.01020409147298916
0.38790591743063174,0.010589392005810242
0.394694661515938,0.010980486106116757
0.4014824176589483,0.011377391510438522
0.4082690769143733,0.01178006754881582
0.4150546494884254,0.012188533161991609
0.42183922844315086,0.012602769843816523
0.42862302052145207,0.013022830260022305
0.43540624740917794,0.013448734112344119
0.4421891368894295,0.013880423543622141
0.44897194059016043,0.0143180087730694
0.4557548589078731,0.014761435942546624
0.46253788746695196,0.015210723686652446
0.46932103305047507,0.015665863587417977
0.4761042952629483,0.016126856370535344
0.4828876472108208,0.016593681238547646
0.48967092432262277,0.017066367946750115
0.49645390120620586,0.017544901024046475
0.5032360280743585,0.018029614825644334
0.51001668592031,0.018522556423808567
0.516796509511831,0.01902457436367569
0.5235755891253778,0.019534449808152454
0.5303538004854427,0.020051569742026883
0.5371316261644256,0.020574662538284067
0.543908656803219,0.021102780958314752
0.5506847825841016,0.021636811130511413
0.557460499334722,0.022177044820227917
0.5642360107290835,0.022722971029857663
0.5710112437181044,0.02327454935909323
0.5777863012744516,0.02383211925397729
0.5845613228095367,0.02439558830780305
0.5913362384151856,0.02496482166265188
0.5981109153488826,0.025539860251436924
0.6048848740985616,0.02612118166544649
0.6116576037756487,0.026710738163674027
0.6184296674216048,0.027309332003614968
0.6252011535564153,0.027915799496888435
0.6319715227912356,0.028529934427160685
0.6387407308751829,0.029152412126009757
0.6455090123016743,0.029783217834418108
0.6522763281515479,0.030421924279641206
0.6590426152697605,0.031068670182443896
0.6658080005598522,0.03172368650547457
0.6725726553508181,0.03238682631441398
0.6793365860035305,0.0330580557567504
0.6860998711606541,0.03373744905006591
0.6928625677619925,0.03442500764749101
0.6996246620031594,0.03512072332059185
0.7063861279217657,0.03582457560277375
0.7131468959477393,0.03653658561797283
0.7199069007189225,0.03725670726743464
0.7266660527317891,0.03798497342190628
0.7334242721467222,0.03872136109465131
0.7401814999773856,0.03946585547826365
0.7469376842589966,0.04021841594662108
0.7536927928126571,0.040979098355194664
0.7604468197057137,0.041747906587659096
0.7671997711455738,0.042524754661972586
0.7739516859348547,0.043309741407317796
0.7807026006062566,0.044102829227666916
0.787452573459812,0.044904043256232866
0.7942016267427011,0.04571338051354442
0.8009498014105297,0.04653085642003438
0.807697113219096,0.04735643173171485
0.814443545536083,0.048190160031481216
0.8211891002087386,0.04903201129636749
0.8279337376195738,0.04988199255217635
0.8346774080173045,0.050740058200277875
0.8414200479402919,0.051606248402056104
0.8481616178659589,0.05248056495651453
0.8549020805829515,0.05336290971571047
0.8616414030619868,0.05425337576099685
0.8683795417168734,0.05515195378164501
0.8751165091145677,0.05605855290292666
0.8818523010524558,0.056973291622816245
0.8885869255878377,0.05789608323320783
0.8953204024668657,0.05882698605425848
0.9020527500754608,0.05976598704418525
0.9087839899936856,0.060713091491775874
0.9155141368211008,0.06166829402114452
0.9222432072102524,0.06263160279288835
0.9289711889009556,0.06360301232338475
0.93569808156577,0.0645825349284798
0.9424238447820498,0.06557011817896438
0.9491484362704962,0.06656580922284458
0.9558718349847906,0.06756960304947536
0.9625940119454848,0.06858141930796031
0.9693149320637716,0.06960134306315607
0.9760345789565368,0.0706293178930488
0.9827529312387825,0.0716654023812842
0.9894699891837155,0.07270948911671457
0.9961857290211451,0.07376170973273162
1.002899774244026,0.07482225231049862
1.009611524098353,0.07589329077341789
1.0163216726472049,0.07697562979976919
1.0230304772664722,0.07806810963626032
1.0297375025280886,0.07917050077459417
1.0364427078281473,0.08028349828994605
1.0431463407832657,0.08140708151594926
1.0498483265191443,0.0825408240597156
1.0565485355838808,0.08368486669144862
1.063246954304848,0.08483941778226206
1.069943651090716,0.08600426766313524
1.0766385253360327,0.08717940443523634
1.0833315103148877,0.08836488752157834
1.090022632182945,0.08956078445759606
1.0967118820930912,0.09076695326873639
1.1033992236380457,0.09198341397768701
1.110084631339686,0.09321027907181942
1.1167681209187112,0.09444741728866529
1.123449655486752,0.09569493256965089
1.1301292685353135,0.09695271412076245
1.136806909444837,0.09822085081958365
1.143482621472784,0.09949932376434464
1.150156393090807,0.10078809773311762
1.1568281940325307,0.10208721767331384
1.1634980368297054,0.10339661038912894
1.1701658567466058,0.10471636998966159
1.176831657947854,0.10604635285530126
1.1834953780087614,0.10738668088173677
1.1901570305815787,0.10873728707719199
1.196816551230915,0.11009818493550065
1.2034739444600515,0.11146938616537652
1.2101291591615102,0.11285084510699225
1.2167822026283048,0.11424263801991745
1.223433085893242,0.11564463101344725
1.2300817990023483,0.11705695882838851
1.236728297235645,0.11847957159155106
1.2433726240970564,0.11991240407644345
1.2500147269524646,0.12135554872732257
1.2566545984208395,0.12280896089092959
1.2632922293298678,0.12427259636787188
1.2699275968703272,0.1257465433737641
1.2765607170038815,0.12723068412442265
1.2831915316683666,0.12872511728071903
1.289820035442313,0.13022980065737336
1.2964462150795002,0.13174469070142042
1.303070056126629,0.13326985745954792
1.3096915090653323,0.13480523636069217
1.3163105919987472,0.1363508704937944
1.3229272399264753,0.13790673771409123
1.3295414740249647,0.13947279256355533
1.3361532403336323,0.1410491031192432
1.3427625756266615,0.14263559193391342
1.3493694260097773,0.14423233397978935
1.3559738162894672,0.14583924322727157
1.3625757217948624,0.14745638248276896
1.36917511711768,0.1490837165561827
1.3757719947086169,0.15072128556020375
1.382366366536709,0.15236898683495803
1.3889577240853248,0.1540271909068491
1.3955453294617577,0.1556978463676111
1.4021297344649537,0.15738195696660057
1.4087113418785016,0.159078196973455
1.4152896360275686,0.1607864228023963
1.4218645261695038,0.16250733852810725
1.4284362468205998,0.16424088232616868
1.4350047608030598,0.16598661767881823
1.4415699143386622,0.16774469848195453
1.4481316796501544,0.16951534318422848
1.4546901438637228,0.171298295173832
1.4612452197939931,0.1730936134834152
1.4677968298456348,0.17490131939397568
1.4743450422461677,0.17672139436850023
1.4808897747959588,0.17855382146518453
1.4874310491062968,0.18039861720724473
1.4939687936986499,0.1822557795868456
1.5005030640454575,0.18412525183609285
1.507033814839689,0.1860070775901951
1.513560962822718,0.1879012315428243
1.520084542342449,0.1898077243301134
1.526604502530257,0.19172658905993956
1.5331208733941308,0.19365767753389934
1.5396335510077492,0.19560110608136433
1.5461425615899447,0.1975568544203903
1.552647879731452,0.19952487359078064
1.5591494776891952,0.2015051910440086
1.5656473020050208,0.20349779599773957
1.5721413622643816,0.20550262916853695
1.5786315953360202,0.20751974525642844
1.5851180069843664,0.20954910046951003
1.5916005472738777,0.21159070208172484
1.5980792004815652,0.21364459650203838
1.6045539948814926,0.21571063138740382
1.611024867097288,0.21778894750451683
1.6174918130004565,0.2198794874458901
1.6239548094075618,0.2219822446804471
1.6304138158677897,0.22409722348825753
1.6368688138324439,0.22622437731173597
1.6433198133433105,0.22836370125155367
1.6497667584021296,0.23051523896952256
1.6562096385223564,0.23267895458094692
1.6626483989783971,0.23485483510962327
1.6690830508217869,0.23704287074478766
1.675513061856432,0.23924328106697862
1.6819375168765436,0.2414580086921592
1.688356909137862,0.2436880244211479
1.6947716953145917,0.2459321776991829
1.7011814308620303,0.24819016626819473
1.7075858821765482,0.2504627090101872
1.71398535568764,0.2527497089612475
1.7203798050146268,0.2550508212421341
1.7267690482751046,0.25736616038858406
1.7331530258856247,0.2596958284442552
1.7395318215080011,0.2620397924606282
1.7459053981625696,0.2643978753709895
1.7522736704922544,0.2667702236667485
1.7586365978438743,0.26915682473065206
1.7649942477208138,0.27155756520793434
1.7713465186212383,0.273972493618648
1.7776933792941059,0.2764016277227459
1.78403478110625,0.27884497115614404
1.7903707515021434,0.2813023583426461
1.7967011720521706,0.28377391334901064
1.8030260755941707,0.2862596238083124
1.8093453676946443,0.2887594554486827
1.8156591186998163,0.29127333160160884
1.8219672401041085,0.29380131273521803
1.8282697053439152,0.29634338932356763
1.834566490421805,0.298899533127821
1.8408575605496922,0.3014697355962031
1.8471428581319749,0.3040539348162178
1.853422348648002,0.30665222146115834
1.8596960526478874,0.30926444275590614
1.8659638650309498,0.3118906985448291
1.8722258263167986,0.31453092908896974
1.8784818799934864,0.3171851537984795
1.8847320024218401,0.3198533439915949
1.8909761594747498,0.3225354896139749
1.8972142916131312,0.325231575151271
1.9034464297319078,0.3279415190276312
1.909672461282631,0.3306654092669645
1.9158924007610474,0.3334031801382326
1.9221061948500067,0.33615480583823387
1.9283138379540292,0.33892032204748546
1.9345153024210175,0.3416996940502039
1.9407105534155284,0.3444929138005418
1.9468995332368333,0.3472999666625291
1.9530818053553094,0.3501209946873369
1.9592561652911598,0.3529578431885304
1.9654229491094657,0.3558115950083036
1.9715827978410678,0.35868096140453476
1.9777352061093973,0.3615657655203745
1.9838799559981035,0.3644665773329555
1.990017256411535,0.36738345620538587
1.9961471204754266,0.3703159663365611
2.0022694009128514,0.3732641334949902
2.0083840145673624,0.37622818629483235
2.014491015594084,0.37920801052341907
2.020590347557621,0.38220349323516545
2.0266819099157303,0.3852146548938516
2.0327656679059936,0.3882415905136927
2.038841632385176,0.39128407510550856
2.044909705271524,0.3943422717545455
2.05096991481589,0.3974160336326469
2.0570221867170946,0.4005054222431309
2.0630664841134703,0.4036104069536142
2.069102769303093,0.4067309563883247
2.075131000557332,0.4098670579913677
2.081151132278947,0.41301862511590676
2.0871630905914875,0.416185751738117
2.0931669001767212,0.4193682624856708
2.0991624652575256,0.422566263789244
2.105149787429272,0.42577967844707915
2.11112881173625,0.4290085234398056
2.1170995071474024,0.4322527649900233
2.1230618311605345,0.435512386148048
2.1290157270867645,0.4387873616526049
2.1349612094780426,0.4420776208753461
2.140898191260487,0.44538320747270543
2.1468266283944146,0.44870412220962924
2.1527464788386284,0.45204023337618027
2.15865769079684,0.455391637816653
2.1645602645587267,0.458758205434751
2.170454136905982,0.4621399633013666
2.1763392726327613,0.46553691538801656
2.1822156476619408,0.4689490168647799
2.18808322239334,0.47237624708900633
2.1939419443201835,0.4758185937328371
2.1997917963309703,0.4792759859186258
2.20563274805294,0.48274841474704017
2.211464719858846,0.48623591896306656
2.217287198714049,0.4897386116317419
2.2230988092024893,0.4932580321995064
2.2288997850200496,0.49679536853665923
2.234690831910716,0.5003494940962134
2.240471533925323,0.503920065952928
2.2462415545050396,0.5075076577491728
2.252001126767941,0.5111122734637185
2.257750267499986,0.5147335701550768
2.263488775962794,0.5183715560568619
2.2692165846344388,0.5220263877083672
2.2749337187489957,0.5256979679403713
2.2806401824088085,0.5293860523328094
2.2863362941255296,0.5330906751875603
2.292023371601302,0.5368102866197879
2.297701289920824,0.5405434549408279
2.303368609662694,0.5442915536871611
2.3090242597273423,0.548056455411817
2.314668842256298,0.551838549790394
2.320302763888528,0.5556367989735974
2.325925505379048,0.5594512248210661
2.331536906219533,0.5632822304860403
2.337137173108666,0.567129747213426
2.3427262669902467,0.5709934719525913
2.348304018052627,0.5748734216555498
2.3538703723332817,0.5787697727593543
2.3594253721254854,0.5826823422774348
2.3649689748335074,0.5866109888422675
2.370501016604786,0.590555862909159
2.3760215048592457,0.5945168907592118
2.381530429109274,0.5984939415925897
2.3870276785962807,0.6024871263388145
2.3925132710631285,0.6064963042255141
2.3979871630212553,0.610521465517692
2.403449259760813,0.6145626305831825
2.4088995376442184,0.6186197353541961
2.4143379523049306,0.6226927494804232
2.4197644490266406,0.6267816414023697
2.425179012455166,0.6308863212292237
2.4305815733612204,0.6350067718105803
2.4359720672249905,0.6391429771936752
2.4413504083791575,0.6432949555360739
2.4467166619134457,0.6474625039461994
2.452070702365874,0.6516457596879959
2.4574125144638734,0.6558446342425155
2.4627415415278606,0.660059178406193
2.4680562245291378,0.6642908075872834
2.4733566685272264,0.668540612637742
2.478643622231148,0.6728076630690986
2.483916760573645,0.6770914873428261
2.4891756012964676,0.6813926803248693
2.4944204065582385,0.6857111465947301
2.499651223903343,0.6900465740677411
2.5048677993127924,0.6943990076932448
2.510070087099031,0.6987685002371876
2.5152586823642498,0.703154853256234
2.5204350210471107,0.7075566012598655
2.5255989220702317,0.7119725845055315
2.5307494775878,0.716403714328027
2.5358869415666936,0.7208503307118267
2.541011216332438,0.7253117405408911
2.5461202751365604,0.7297894412533392
2.5512141347808086,0.7342846778109694
2.556293706343144,0.738796629436861
2.5613587682883288,0.7433245672942814
2.5664087540428735,0.7478690907666633
2.571443825085149,0.752430361572151
2.576464161924366,0.7570079287942056
2.5814695154897915,0.7616017459616201
2.586459768492729,0.7662119237631584
2.591434931583578,0.7708384678032733
2.5963950912408182,0.7754810387996287
2.60134001022967,0.7801398245636002
2.6062696905820166,0.7848147635523106
2.6111841081210363,0.789505771484734
2.6160832357259207,0.7942127336084627
2.620966989709375,0.7989356440493472
2.625835252904704,0.8036745271768
2.630688074036272,0.8084292097782074
2.6355252989445783,0.8131997382832912
2.6403469481437822,0.8179860111203596
2.645152967937354,0.8227879799426695
2.649943281442755,0.8276056282152695
2.6547178520292993,0.8324388895845963
2.659476627033744,0.8372877162535831
2.6642196047148907,0.842151988526517
2.668946591587616,0.8470317869775482
2.6736577256124097,0.8519268649670644
2.678352794959589,0.8568373627073039
2.68303182395655,0.8617631610515405
2.687694283377997,0.8667041742081276
2.6923383757819055,0.8716616171396376
2.6969639833345407,0.876636612714343
2.7015720526392055,0.8816282639750324
2.7061622897046016,0.8866360688607154
2.7107341361107524,0.8916605285881769
2.715287849056601,0.8967015811047002
2.7198239653965772,0.9017589750473975
2.724344089195876,0.9068313426240099
2.728848130930424,0.9119177194269276
2.733335122006286,0.9170188169784017
2.7378052864945244,0.9221349136674619
2.7422590019983977,0.9272654687025216
2.74669597697127,0.9324103602967911
2.751116032391013,0.9375697732977872
2.7555187566902686,0.9427436236502121
2.7599023261407467,0.9479329119554809
2.764266523543067,0.9531387339051187
2.7686123379647323,0.9583602912080819
2.7729394677730617,0.9635971104165237
2.777247474084282,0.968849473359077
2.7815363606493917,0.9741176421594618
2.785806456775528,0.9794011011196222
2.7900574880281868,0.9846998091074236
2.7942892505284855,0.9900139280531989
2.7985018523078353,0.9953433145515824
2.8026952564832213,1.0006878164399526
2.8068693273465164,1.0060474173997649
2.8110240730125624,1.0114220322120377
2.8151594537610323,1.0168115706592862
2.8192753353720637,1.0222160136467155
2.8233716811860474,1.027635277044606
2.8274484904235453,1.0330692450581715
2.8315056023700835,1.0385179290616977
2.835543105774697,1.0439811087179394
2.8395608575521614,1.0494588494740877
2.8435588200945356,1.0549510277196195
2.8475369414905525,1.0604576105456616
2.8514951746245205,1.0659785156643509
2.855433529004315,1.071513619922302
2.8593518810566634,1.0770629173042767
2.8632501103665673,1.0826263752180392
2.867128371154676,1.0882037507366809
2.8709864733792334,1.0937951134267128
2.8748243586183104,1.0994003851787328
2.8786414639662,1.1050194009778693
2.8824359523243714,1.1106529715049602
2.8862074682404946,1.1163022229054855
2.889957024994796,1.1219664329238992
2.8936844946309814,1.1276449521859513
2.8973896807484585,1.1333383382859104
2.901074720577148,1.1390456895816017
2.904740091499927,1.1447654376239407
2.9083843170474744,1.150498246636334
2.9120074265747102,1.1562446171304377
2.9156102019815475,1.1620039324434344
2.9191922064591616,1.167776020674004
2.9227532353334564,1.1735610214168708
2.9262933864821044,1.1793589264530797
2.9298126762925487,1.1851695302124114
2.9333104580549914,1.1909926496490542
2.936784704787365,1.196829145329384
2.9402351671960405,1.2026800265430768
2.943663004420081,1.2085445185877228
2.9470679423682182,1.214422097677432
2.9504492791243986,1.2203131785904855
2.9538072566623286,1.2262177725500498
2.957142081240495,1.2321355080932808
2.9604534782474508,1.238066312737515
2.9637414115819145,1.244010113581617
2.9670058399995964,1.2499669136687201
2.970246652420596,1.2559365667909785
2.9734639897515227,1.2619188563230503
2.9766575635828314,1.2679138942053285
2.9798274527046655,1.2739215029060154
2.982973589250779,1.279941578816999
2.986095896685726,1.2859740579223473
2.989194413540367,1.2920188026012145
2.9922690650934083,1.2980757139733974
2.9953197163119594,1.3041447557658121
2.9983463746990755,1.3102258088526668
3.001349011122524,1.3163187619282652
3.0043275157392535,1.3224235084975713
3.0072819839385296,1.3285399341008879
3.0102122071525597,1.3346680131014113
3.0131182044352633,1.3408076257032278
3.0159999229376986,1.3469586779069045
3.0188573347117473,1.3531210761670085
3.0216904407734813,1.359294671260207
3.024499109445543,1.3654794236075811
3.0272832950693824,1.3716752408877435
3.030042470678012,1.3778818587483979
3.032775118823349,1.3840998688276136
3.035482738644805,1.3903297452837433
3.0381669951743704,1.3965697751989254
3.040826465796223,1.4028199070072611
3.0434605860679365,1.4090808588978052
3.04607015458094,1.41535236819105
3.0486553168052932,1.421633873629096
3.051215487347247,1.427925481432937
3.053750607921207,1.4342273254550588
3.05626094939848,1.4405391287153593
3.0587463416595364,1.4468607498744521
3.0612067274673223,1.4531920768904594
3.0636420753454923,1.4595331225695132
3.0660523467419187,1.4658837286007957
3.0684374984092195,1.4722437973801275
3.070797005256259,1.4786130702789904
3.073128809123472,1.4849919141630041
3.0754324490422205,1.4913811892574005
3.0777090160855236,1.4977804726460506
3.079958423585824,1.5041891672565562
3.0821800014780294,1.5106074531668972
3.0843738835294605,1.517035408856782
3.0865403754707983,1.5234727042793104
3.0886792932590983,1.5299190819911368
3.090790352749862,1.5363746561848937
3.09287367069659,1.5428392445506198
3.0949292371066086,1.5493127179358526
3.0969570392197387,1.5557949231929662
3.098956985409493,1.5622857740370388
3.1009289961987374,1.5687851803153139
3.1028730903961783,1.575292985817895
3.104789209077179,1.5818090853178786
3.1066773252452187,1.5883333758191427
3.108537503511472,1.59486569677137
3.110369612615889,1.601405903654909
3.1121736570736362,1.6079539264847553
3.113949483220754,1.6145096328167376
3.115697192837367,1.6210729306532896
3.1174167954106955,1.6276436261596277
3.1191081428325336,1.6342216558690248
3.1207711976732018,1.6408069005171713
3.1224059525876275,1.647399229054181
3.124012370582761,1.6539985234695787
3.125590453537762,1.660604673868941
3.127140221547896,1.6672175004583765
3.128661549150687,1.673836929498269
3.1301544091349287,1.680462843068376
3.131618787457755,1.6870951032706234
3.1330547731405245,1.693733576040269
3.134462154597838,1.700378163051996
3.1358410826137666,1.7070286701478925
3.1371913619278433,1.7136850911825912
3.138513178956187,1.720347204684705
3.139806355617282,1.7270149419505352
3.1410708261654916,1.7336882056876466
3.1423066572855705,1.7403667907894933
3.143513878291958,1.747050644471975
3.1446923511676284,1.7537396300064247
3.1458419816311864,1.7604336365716
3.146962961817179,1.7671324523230543
3.1480551872495792,1.7738360646964138
3.1491185981925054,1.7805443093255628
3.1501526500841974,1.7872567988603967
3.151155483089045,1.7939733567494234
3.1521266700323434,1.8006951810082716
3.153069539402718,1.8074219520344272
3.153984803323905,1.8141520998320415
3.154870675323237,1.8208857903741362
3.1557270174596055,1.827623645454899
3.156554843729827,1.8343652123021108
3.15735394843241,1.8411099772767971
3.1581238391848325,1.8478581652545156
3.1588645947409,1.8546097518460385
3.1595766621885666,1.8613643806451954
3.1602596532315967,1.8681219481708087
3.160913402869992,1.8748824378207531
3.161538333838987,1.8816456166373996
3.162134226430134,1.8884114298126604
3.1627005481456703,1.895179390489427
3.1632352892602618,1.9019493310588573
3.1637377342270794,1.908722010615951
3.1642092310027747,1.9154971593988344
3.1646495442936287,1.9222742401579376
3.1650583055649957,1.9290531390273882
3.165435451188792,1.9358340564894194
3.1657813003674575,1.942616672819682
3.166095670456611,1.94940070936128
3.1663786211506384,1.9561861457779635
3.166630066942528,1.9629728881180923
3.1668504088405958,1.9697610455404944
3.16704178038783,1.9765506232707142
3.1672050310434225,1.9833407855113308
3.1673387785341247,1.9901313145168484
3.1674428254545637,1.9969225478052173
3.1675177332842948,2.0037138811441135
3.1675611844885547,2.0105048052243433
3.1675719861772436,2.0172960410670284
3.167551433598614,2.0240876246806554
3.1675001427367317,2.0308788097194044
3.1674170266589825,2.0376695797364737
3.167302193707598,2.0444600065877063
3.1671560577067126,2.0512498890362454
3.1669784954241345,2.0580389275501068
3.1667694183788644,2.0648270642072193
3.166528751837,2.0716141958396186
3.1662567985266246,2.0784001000775296
3.165953305196348,2.085184658717657
3.1656183110427376,2.0919677527127503
3.165251875822033,2.0987492509703487
3.1648541061226507,2.1055289663840453
3.1644249202931536,2.112306756234709
3.1639642302555004,2.119082492680349
3.163472133146756,2.12585602760961
3.1629486263633364,2.132627211347936
3.1623936977539673,2.139395898448439
3.1618075325203336,2.146161917939694
3.1611898967881356,2.1529251436987775
3.160540961957882,2.159685416937336
3.1598606322773337,2.166442614946176
3.1591490097815806,2.1731965834240285
3.158406158567766,2.179947192576092
3.1576319823551744,2.186694284839721
3.1568264928759504,2.193437719605629
3.1559897391266327,2.200177354555386
3.1551217324843988,2.2069130413409743
3.1542225274303903,2.213644614588999
3.153292190802776,2.2203719724261983
3.1523306322058047,2.227094944420186
3.1513378675962493,2.233813389557682
3.150313951448312,2.240527167170059
3.1492588651650353,2.2472361102386005
3.1481728621201084,2.253940085029933
3.1470556257435023,2.260638925718563
3.1459074810471446,2.267332528266639
3.14472822744876,2.274020735000063
3.1435179673028255,2.2807033895390756
3.1422768259918543,2.2873803598487177
3.141004769401532,2.2940515270024533
3.1397017174130704,2.300716719514834
3.138367768509609,2.3073758057580966
3.13700294411646,2.3140286431529984
3.135607265009293,2.3206750726714787
3.13418086007465,2.3273149517692757
3.132723703223543,2.333948177060841
3.131235660921019,2.340574563109854
3.129717064875662,2.347193941018033
3.1281676128900666,2.3538062176027554
3.126587720255511,2.3604112158773916
3.1249771664039625,2.3670088387735033
3.123336008726166,2.373598922113799
3.121664314378417,2.3801813305167894
3.119962112478114,2.386755919546008
3.118229474371071,2.3933225189279232
3.116466483355748,2.399881056705682
3.114673064947145,2.4064313442070966
3.1128492488239776,2.4129732440461353
3.1109951030093685,2.4195066234919302
3.1091106617345705,2.426031339251025
3.1071960029137298,2.4325472280308635
3.105251219323404,2.4390542111001454
3.103276248615654,2.445552101184266
3.1012710466115556,2.4520407176016983
3.0992359787428803,2.4585200022205402
3.097170789996994,2.46498973093808
3.095075729117275,2.471449849070382
3.0929506723765714,2.477900167941235
3.090795736001477,2.4843405693199214
3.0886109575265603,2.490770914385719
3.0863963737323274,2.4971910519453298
3.0841521264481884,2.503600865239481
3.081878204180679,2.5100002266788604
3.0795745498949203,2.5163889580505656
3.077241282639447,2.5227669454384176
3.0748784208360456,2.529134048624198
3.0724862000336164,2.5354901234493052
3.0700643604153504,2.541835004388418
3.067613312504821,2.5481686134404424
3.065132813038153,2.55449076933342
3.0626230266703893,2.5608013588061467
3.060084040242778,2.567100233524397
3.0575159586087435,2.5733873093530177
3.0549187298211002,2.579662399992962
3.0522924021554014,2.5859253735553316
3.049637058860036,2.5921761067126456
3.0469527478438585,2.5984144616247526
3.044239557583446,2.6046402954007637
3.0414975932068966,2.6108535244138733
3.03872680784106,2.617053962304971
3.0359272560768056,2.6232414785781155
3.033099029696267,2.6294159527175167
3.030242208021772,2.6355772385893155
3.0273568773726938,2.6417252156428517
3.0244431365768616,2.6478597315336216
3.0215009121923027,2.653980658320569
3.018530341824679,2.6600878833695942
3.0155314809963016,2.666181261860143
3.012504486501002,2.6722606970626144
3.009449368642451,2.6783260536746787
3.006366091486321,2.6843771524286546
3.003254785404102,2.690413894279949
3.000115509413147,2.696436147859422
2.996948321818001,2.702443772313895
2.9937533828256533,2.708436676652829
2.9905306820086563,2.714414692060692
2.9872803179787653,2.7203776976145293
2.984002238622313,2.7263255244566826
2.980696648977057,2.732258082482377
2.9773636731501174,2.7381753051926783
2.974003269860451,2.7440769971479213
2.9706155081977754,2.7499630330790636
2.967200489887574,2.7558333011675447
2.9637582834567104,2.761687672061378
2.960288993745471,2.7675260204529657
2.9567927428107983,2.773348267565065
2.9532695027705893,2.77915422593566
2.949719341811925,2.7849437722582824
2.946142362842204,2.7907167976161675
2.9425386373532785,2.7964731744509628
2.938908273787415,2.802212781390384
2.93525143356638,2.8079355478561143
2.9315679434415993,2.8136412012632492
2.927858170731244,2.8193297634037364
2.9241219689153257,2.825001012917178
2.920359595748782,2.8306549239635426
2.9165710786332046,2.8362913541599157
2.912756403942063,2.8419101219205936
2.908915715432388,2.847511145742691
2.9050490918014087,2.853094303732912
2.9011566083281797,2.8586594650275425
2.897238434280958,2.864206559113477
2.893294606857638,2.8697354485386386
2.8893251170386907,2.8752459540145487
2.8853300432761397,2.8807379514939906
2.881309743266838,2.8862114572758655
2.8772639398610758,2.89166616444369
2.8731930360974296,2.897102118981478
2.869096888767651,2.902519099048307
2.8649756606111385,2.9079170304647053
2.8608294375015255,2.913295794740897
2.8566583365993625,2.9186552845154212
2.8524624972788764,2.9239954305804186
2.8482419148923457,2.9293160464328665
2.843996674594484,2.934617017606084
2.8397268931988005,2.939898248528552
2.835432657774018,2.9451596221506735
2.831114087493549,2.950401035950975
2.82677132518345,2.9556224238221684
2.822404370915325,2.9608236006895585
2.8180132674842966,2.96600441519148
2.813598327460403,2.971164878051198
2.8091594157689226,2.9763047389502137
2.8046968131822454,2.981424030943043
2.8002104598115376,2.98652253341058
2.7957005104116495,2.991600183737237
2.791167057215025,2.9966568692457285
2.7866101888385324,3.0016924715633437
2.7820300845183037,3.0067069426788473
2.77742680328638,3.0117001458219095
2.772800356398677,3.016671902905496
2.768150900173158,3.0216221563397525
2.7634785322301356,3.026550798516565
2.7587833341650074,3.0314577027171667
2.7540655752743906,3.036342876546567
2.7493251121205176,3.0412060314214546
2.7445622248711694,3.0460471930352275
2.739776880745703,3.0508661752738426
2.7349692629052496,3.05566293628356
2.730139518125,3.0604374135582826
2.7252876614149755,3.0651894238343633
2.720413790597266,3.069918864102929
2.715518033647853,3.0746256540767662
2.710600491684375,3.0793096876746104
2.705661292257363,3.083970879921302
2.700700591890535,3.0886091765196295
2.695718411581003,3.0932243972724742
2.690714854294924,3.0978164442285276
2.6856900516088165,3.1023852427573275
2.6806441213506833,3.1069306984239065
2.6755772147791403,3.111452712120393
2.670489440854067,3.115951212970838
2.6653808102579606,3.120426028283081
2.660251481979108,3.124877114612379
2.655101555698319,3.1293043637404656
2.649931213167855,3.1337077474083985
2.64474053135402,3.13808713306532
2.6395295417116516,3.142442347150137
2.6342984067113657,3.1467733498687847
2.6290472355236623,3.1510800443565454
2.6237761328488505,3.155362330415484
2.618485283497059,3.1596201896366356
2.613174771912417,3.163853494817194
2.607844608082161,3.1680620194639557
2.6024950935356097,3.1722458906464466
2.597126127239899,3.176404784200276
2.591738066254031,3.180538883165579
2.586330860879092,3.184647921863912
2.5809046342213233,3.1887318255995964
2.5754595237476567,3.1927905291560372
2.5699956414413436,3.19682393738976
2.5645131199746314,3.2008319827093223
2.559012127472398,3.204814622375618
2.55349270317371,3.2087716798519605
2.5479549606603507,3.212703068951477
2.5423990396167424,3.216608731626499
2.536825056560318,3.2204885816043065
2.5312331467354805,3.2243425612969014
2.5256235106087113,3.2281706543938102
2.5199960793901015,3.2319725554305165
2.5143511964479055,3.235748419405111
2.508688791448442,3.2394980009873087
2.503009115079208,3.243221373995662
2.4973122604188465,3.2469184078595643
2.4915982774005454,3.250588933183345
2.485867330564632,3.254232927285114
2.480119540759423,3.257850304624334
2.4743550224670328,3.2614409757651552
2.4685739597868865,3.265004940843651
2.4627764550694327,3.2685420791318505
2.4569625639915995,3.27205222900294
2.45113245360005,3.2755353787602286
2.445286226061807,3.2789914242579523
2.439424135188614,3.2824203986602503
2.4335461799921174,3.285822140586444
2.427652530816574,3.2891965789720388
2.4217432745851117,3.2925436461133093
2.4158185529387595,3.295863282309238
2.409878502533219,3.29915544268425
2.403923301554675,3.3024201002825158
2.397953007855874,3.3056570853682596
2.39196774522433,3.3088663216779226
2.385967659194561,3.3120477629977327
2.3799528751293075,3.315201333660907
2.3739235302306803,3.318326993588079
2.3678798057303543,3.3214247230397533
2.3618217642409607,3.3244943609272943
2.355749533413494,3.32753582798584
2.349663165594906,3.3305496657790283
2.3435635073012775,3.3335371128423166
2.3374512915251273,3.336496793241979
2.3313248495037997,3.3394267958142105
2.325184465811733,3.3423285697083687
2.319031028459326,3.3452023950703085
2.3128645220885313,3.348047520276414
2.306684594580202,3.350863653613488
2.300491680286718,3.353651317309598
2.294286072848496,3.356410431816023
2.2880676575745253,3.359140517164241
2.2818366159739267,3.361841770764866
2.27559308001966,3.3645141322995284
2.26933728927795,3.3671575116764085
2.2630693035822507,3.369771888976743
2.2567890585041397,3.3723576513962885
2.2504972225332085,3.3749166919020737
2.2441950717201182,3.377449652905988
2.237882270947479,3.3799551318743073
2.2315585642646654,3.382432576211632
2.2252240276076267,3.3848806682826846
2.218877858557161,3.387298699806683
2.2125202969020563,3.3896873423931204
2.2061520382427062,3.3920469922201937
2.199772946056171,3.3943768371366416
2.193382919237428,3.3966768189223804
2.1869823734615816,3.3989474571904648
2.18057141561699,3.4011883879426987
2.174150077733624,3.4033993959086697
2.167718564850372,3.4055806589317497
2.1612768025263227,3.4077326720928074
2.1548253071598285,3.4098572362018196
2.1483652418436323,3.411954985731319
2.1418963691640864,3.4140245222795262
2.1354184056689576,3.4160659419053214
2.1289316917797216,3.4180798906203207
2.1224368114467134,3.42006566451032
2.115933291406559,3.422020682575601
2.1094202354241514,3.4239447359058115
2.102898150772516,3.425838948312866
2.0963677793447832,3.427703381777666
2.089828792525711,3.4295370710737796
2.0832811650326355,3.4313402954205072
2.0767253080460093,3.433113452078246
2.0701614139635836,3.434856221022002
2.0635892027297436,3.4365688021975584
2.0570090969634305,3.4382534759877013
2.0504222881912226,3.439910821663465
2.0438286273910347,3.441539453254766
2.037227735199787,3.4431394271742124
2.0306200210016403,3.4447113989963682
2.0240057640265814,3.446255031957765
2.0173849873157916,3.447770112396751
2.01075761572484,3.449256624939905
2.0041242556801526,3.4507144746205842
1.9974848074534994,3.452141220813583
1.9908383717446803,3.4535361860935403
1.9841852943750033,3.454900709512843
1.977526248066327,3.4562347980242136
1.9708611246639087,3.457537691445314
1.9641896290213199,3.458810024684991
1.9575121582598174,3.460054162100865
1.9508298668682504,3.4612705137981044
1.9441426156885409,3.4624576722656495
1.937450002722428,3.4636157201050857
1.9307525106616001,3.4647454037244865
1.9240503928452997,3.465846503347444
1.9173435878430338,3.466918418336398
1.9106321623567815,3.467961700133023
1.9039163599896354,3.468976236322253
1.897196295278669,3.4699618717796565
1.8904719959958227,3.4709185378227767
1.8837439921990435,3.47184603363431
1.8770123150437301,3.4727421348628846
1.8702762244049191,3.473606065483101
1.863535921136042,3.4744389722741795
1.8567918415499962,3.475241647811081
1.8500438193176447,3.4760152722935356
1.8432926916782453,3.4767606131957884
1.8365387009626999,3.4774767532805684
1.8297815425894641,3.478163665433027
1.8230213766478998,3.4788216822605733
1.8162585401436788,3.4794507471585607
1.809493154745532,3.480050663306374
1.8027251409959493,3.4806215567090777
1.7959547308788284,3.48116344816791
1.7891821096923868,3.481676165646803
1.7824073100003595,3.482159896123003
1.7756305087245168,3.4826145834365567
1.7688521460970263,3.4830397247902667
1.7620724848265468,3.4834332938023453
1.7552908518041732,3.4837944077928165
1.7485069755449165,3.4841248719091995
1.7417213811192331,3.4844268359183626
1.7349348959386062,3.484700265142666
1.7281474352399355,3.4849440432538015
1.7213587575275453,3.4851584194246996
1.7145691783329189,3.485344099831959
1.7077790500184953,3.4855005333098257
1.7009882539398653,3.485627686490307
1.6941969359535738,3.4857257179322265
1.6874052779765454,3.485794667699824
1.6806134142802172,3.485834430019931
1.6738214141355827,3.4858449885469107
1.6670293800240872,3.4858264577968794
1.6602375353866718,3.485778870009698
1.6534459576295697,3.4857020764208055
1.6466551240544367,3.485595658579592
1.6398651054733289,3.485458143716931
1.6330749843342294,3.4852905001109993
1.626285500911717,3.4850950949327557
1.619497408833835,3.4848705951165027
1.6127102914798424,3.484616208321049
1.6059240732817264,3.4843327662957915
1.5991391994107158,3.4840205606908397
1.592355847772932,3.483679160733313
1.5855739547904022,3.483308504339195
1.5787936634732276,3.482908800570416
1.5720151960345279,3.482480070078066
1.5652386381607177,3.482022165885856
1.5584640693987586,3.481535145546465
1.551691681943204,3.4810192391675643
1.5449215967433225,3.4804742219796614
1.538153920493254,3.4799000153294974
1.531388773146124,3.479296883357431
1.5246262769865302,3.4786646389916966
1.5178665539420002,3.478003341148979
1.5111097275270429,3.4773129486748506
1.5043559170139256,3.476593710560847
1.497605263014933,3.475845433477903
1.490857878886237,3.4750680957580453
1.484113881666588,3.474261838964764
1.4773734184715208,3.4734267365815996
1.4706365974183773,3.4725626829336473
1.463903547709849,3.4716696218051757
1.4571743691853203,3.470747790540421
1.450449237487242,3.469797109566795
1.4437282348601213,3.4688175431677695
1.4370115082762727,3.4678089986437866
1.4302991480653175,3.4667718182754936
1.423591304461722,3.4657057109803615
1.4168880958103804,3.4646107907781034
1.4101896718878648,3.46348720702921
1.403496136249894,3.462334677772316
1.3968076228108979,3.461153623418665
1.3901242665857068,3.4599437161175324
1.3834461440885706,3.4587052772298734
1.3767734030581125,3.457438098331993
1.3701061552589084,3.45614229030424
1.3634445268997983,3.4548178736559416
1.3567886746347797,3.4534649038791816
1.3501386505413449,3.4520834510281664
1.3434946201693414,3.4506734333626388
1.3368567025700513,3.4492348669173434
1.330225014477331,3.447767802425721
1.323599680879945,3.4462722589852683
1.316980860916314,3.4447482956550477
1.310368599439478,3.4431959899213633
1.3037630661201591,3.44161523749265
1.2971644217965503,3.4400061982946957
1.2905727475984432,3.438368714250791
1.2839881757412128,3.4367031276701074
1.2774108112361031,3.4350091876866227
1.2708407719657338,3.4332870296928317
1.2642782135250914,3.4315367135625094
1.257723185624565,3.4297583196732555
1.251175857324781,3.427951775837166
1.2446363551642492,3.426117068450379
1.238104754828408,3.4242543331569295
1.2315812464092826,3.422363651810659
1.2250659022610422,3.4204449381009163
1.218558870202325,3.4184981565438717
1.212060207160196,3.4165235619465175
1.20557011753146,3.4145210982057086
1.1990886799116676,3.412490661493022
1.1926160122140967,3.4104325336081307
1.1861522140544412,3.408346665510307
1.1796974477598612,3.4062329947260848
1.1732518242090046,3.4040916930758516
1.1668154822014676,3.401922615728362
1.1603885008421542,3.3997261200199125
1.153970999314849,3.3975020036422836
1.1475631083215583,3.395250323761307
1.1411649378146351,3.392971147357375
1.134776608655672,3.390664508626317
1.1283982540643516,3.3883304806796666
1.12202993744604,3.3859691554403293
1.1156718248832285,3.3835804762685857
1.1093240768734498,3.3811644062767154
1.102986713099061,3.3787212943783045
1.0966599472132055,3.376250876712827
1.0903438099241636,3.373753416932747
1.0840384695051701,3.3712287986346205
1.0777440186687959,3.3686771325048244
1.071460574554366,3.3660984612913323
1.0651882661504053,3.363492824800504
1.0589271831890954,3.360860359484372
1.0526774370459844,3.358201065286412
1.0464391860260187,3.3555148953113503
1.040212518938642,3.352801962370176
1.033997551034451,3.350062312519221
1.027794400500686,3.3472960589112617
1.021603205670077,3.344503132241801
1.0154240501778125,3.3416837840499793
1.0092570826808898,3.33883782020046
1.0031023809991446,3.3359654132109093
0.9969600733155976,3.333066628623025
0.9908302231785748,3.330141569323995
0.9847129969263664,3.3271901905399184
0.9786085048285363,3.3242125412618466
0.9725168475899049,3.321208703450638
0.9664381413125143,3.3181787277090597
0.9603724865297624,3.3151227824001888
0.9543200675121517,3.312040696968655
0.9482808861954178,3.3089327958200703
0.9422551365905879,3.305798903778626
0.9362429008907392,3.3026391624843208
0.9302442578029179,3.299453711772955
0.9242593235793848,3.2962425654492202
0.9182882574211841,3.2930056899176154
0.9123311374725469,3.2897432061681093
0.90638807445041,3.2864551700106346
0.9004591893846186,3.2831416333542314
0.8945445541595193,3.279802741188491
0.8886442851195052,3.276438510063446
0.8827585503846188,3.273048905321699
0.8768874130191209,3.269634110149329
0.8710310302462067,3.2661940789405404
0.8651894572880199,3.26272899153653
0.8593628015287166,3.2592388678712227
0.8535511937041299,3.255723728840908
0.8477547262735545,3.252183667429077
0.8419735096354294,3.2486187453054796
0.836207650306061,3.245029055753026
0.8304572073146894,3.241414714682108
0.8247223476238864,3.2377756939173183
0.8190032029023396,3.2341120064486337
0.813299806922071,3.230423935021625
0.8076123701180491,3.226711269577742
0.8019408312470914,3.2229743984434136
0.796285442638862,3.21921310225278
0.790646250261416,3.215427550643281
0.7850233599878002,3.2116178107192628
0.7794168859398091,3.2077839464185827
0.7738268855858399,3.2039261122535083
0.7682534759667518,3.2000443414561035
0.7626968164390908,3.196138619451282
0.7571569706543342,3.192209077277344
0.7516340418085713,3.18825578476434
0.7461281555183443,3.184278795186391
0.7406393305601351,3.180278341313332
0.7351677662151521,3.1762543283009705
0.7297135695079155,3.172206805360201
0.7242767896693549,3.1681359026506097
0.7188575334012457,3.16404170490051
0.7134558555161534,3.159924336809073
0.7080719229583561,3.1557837826267487
0.7027058324741653,3.151620114746449
0.6973576648079509,3.1474334367845946
0.6920275219712955,3.1432238238218817
0.6867154473302032,3.138991462086438
0.6814212014505799,3.1347362674887456
0.6761431009496387,3.1304601477493934
0.6708816068803893,3.126163923620735
0.6656374758675325,3.121847029363119
0.6604106101431539,3.1175089225316537
0.6552006458339145,3.113150345919225
0.6500084332863783,3.1087713689263663
0.6448357561252007,3.104370339344027
0.6396824543255758,3.099946164626242
0.6345477684570114,3.0954999499265368
0.6294314944097263,3.091032411137178
0.6243326684341869,3.086544177201753
0.6192511513230856,3.0820364229438657
0.6141877757921216,3.0775087099587584
0.6091424394841489,3.0729607737728366
0.6041149288522041,3.0683929357298894
0.5991054770072715,3.0638054127247027
0.5941142492580688,3.0591981626419265
0.5891412888602128,3.0545710908810335
0.5841865678839931,3.049924466602785
0.5792502184591392,3.0452584084515557
0.5743324754789288,3.0405727466100125
0.569433166040338,3.03586783795751
0.5645525338409534,3.031143551233231
0.5596905957098601,3.0264000789532433
0.5548474646347362,3.0216373726927372
0.5500231700637322,3.016855577525936
0.5452177478092786,3.0120548295740197
0.540431347785767,3.007235103108116
0.5356640658687226,3.002396444964749
0.5309159040108935,2.9975390362323804
0.52618692244788,2.9926629582700857
0.5214772463257273,2.9877682125463143
0.5167869987987439,2.9828548311936647
0.5121161149584996,2.9779230572766204
0.5074647403068269,2.9729728703892477
0.5028329568587133,2.968004330037736
0.49822091745564384,2.963017448403467
0.4936284974058391,2.958012516008701
0.48905590420045614,2.9529894487476596
0.48450323806939755,2.9479482977484945
0.47997044767604746,2.9428892799160176
0.4754577186662563,2.937812348786059
0.4709651274389384,2.9327175830214696
0.46649259529870196,2.9276052463797058
0.4620403514852578,2.922475229614492
0.4576084413220832,2.917327668009244
0.4531968212375394,2.9121627184116936
0.44880568049973385,2.90698033393873
0.44443503741085016,2.9017806391871437
0.44008496426666865,2.896563712408569
0.43575549683017467,2.8913296609387378
0.43144675213695793,2.886078549259596
0.42715873580331226,2.880810494039039
0.42289157684227374,2.8755255156878174
0.41864539799864325,2.8702236554989073
0.41442011532437784,2.8649051515181014
0.4102158663782507,2.8595699918160795
0.4060327294845408,2.8542182496655566
0.40187080044327195,2.8488500066497973
0.397730089767689,2.8434653659468427
0.39361068429281293,2.838064396519294
0.3895125612684817,2.8326472876922333
0.3854359535690479,2.827213966315884
0.38138079945071734,2.8217646526438034
0.377347184125613,2.8162993718966933
0.3733352241741733,2.8108181742223337
0.3693449401016531,2.805321168300602
0.3653763992938967,2.7998084361243256
0.36142967328726655,2.794280054307644
0.35750475933365505,2.7887361646171733
0.3536017501124587,2.7831768369458434
0.3497207798720125,2.777602093172008
0.34586185705502054,2.7720120583845054
0.34202504312348525,2.7664068181577677
0.3382103482675959,2.7607865135756136
0.3344179986377075,2.755151115822906
0.3306478005441714,2.749500912713343
0.326900041518665,2.7438357859386233
0.32317461002666587,2.738155960860664
0.3194716898775862,2.732461423811557
0.31579128780369936,2.726752299246155
0.31213346445259277,2.7210286745961088
0.30849828599629997,2.715290628720741
0.3048857408903956,2.7095383030305658
0.3012959194141597,2.70377177446957
0.2977289544410856,2.6979910712644735
0.2941848483980627,2.692196318854726
0.29066365882726586,2.686387606158324
0.28716546039910107,2.6805650003133286
0.28369019323615385,2.6747287318838224
0.2802380397633706,2.668878754107518
0.2768090923034228,2.663015164710751
0.273403244269433,2.6571381220517476
0.27002068546545893,2.6512476475382307
0.2666614182284015,2.645343851679853
0.26332549757039525,2.639426825638844
0.2600129839707757,2.6334966513269453
0.2567238575834931,2.6275534688837534
0.2534582047310215,2.621597361763607
0.250216154794976,2.615628364467892
0.24699770343817348,2.609646602482443
0.24380292543047172,2.60365216062177
0.24063176509350157,2.597645209263388
0.23748441582810947,2.591625752380518
0.23436085876841214,2.58559394091069
0.23126116382314113,2.5795498150168776
0.22818536911375323,2.573493482688256
0.22513350384821365,2.5674250397876164
0.22210557158732655,2.5613446327949942
0.21910120426986385,2.5552521602535414
0.21611851693948472,2.5491483675081787
0.21315746910524677,2.5430346829212294
0.21022153494102114,2.5369098919274533
0.20731076665424678,2.5307726829909583
0.20442361867473038,2.5246238662206095
0.20156035124908964,2.5184642407929716
0.19872193958846426,2.512293270239345
0.19590756275983492,2.506110672244862
0.19311471363437566,2.499917613663732
0.19034342834364756,2.4937152533103135
0.18759516437229917,2.4875029466285925
0.1848696749377257,2.481280338168656
0.18216610967106556,2.4750481061073684
0.17948506336297868,2.4688063296492406
0.17682679281138555,2.4625548618834965
0.1741910930637218,2.4562937236378226
0.17157779938423787,2.4500232145321057
0.16898715811770718,2.4437433709822494
0.16641929184609833,2.4374541476386073
0.16387408268936224,2.431155691244859
0.16135158070121663,2.424848115984201
0.15885187490940686,2.418531461789104
0.1563749061531798,2.4122058345393493
0.15392072244983065,2.4058713399514375
0.15148948986739091,2.399528021950382
0.14908108200475656,2.393175996815163
0.14669569980148503,2.3868152980334205
0.1443331647355285,2.3804461169651674
0.14199369478189144,2.374068414949454
0.1396772538447723,2.3676822988420296
0.1373838012109424,2.3612878825517307
0.13511340196061225,2.354885257365392
0.13286616413168986,2.348474458782137
0.13064205818571376,2.3420555904971505
0.12844111237989334,2.3356287362568255
0.12626336225483203,2.329193967189526
0.12410873138213412,2.322751435609466
0.12197744061712264,2.3163011425103495
0.1198693737173921,2.3098432637824913
0.11778458895611649,2.3033778132918905
0.11572317730999607,2.2969048804709287
0.11368512215826604,2.2904245507515926
0.11167045752166666,2.2839369073337887
0.10967921947153517,2.2774420220996237
0.10771136205486374,2.2709400061828697
0.10576694639071087,2.2644309563183915
0.10384607570676069,2.257914913440894
0.10194871692573544,2.2513919798934245
0.10007489438436705,2.2448622399927545
0.098224568300244,2.2383257979911253
0.09639794393406532,2.231782705460003
0.09459477873543909,2.2252331571088684
0.09281531922107769,2.21867708820846
0.09105943146809266,2.212114682895541
0.08932727098268588,2.2055459654890965
0.0876188079102856,2.198971038709103
0.08593407213626236,2.1923899880704214
0.08427309689939258,2.1858028857117247
0.08263583165205932,2.179209839446913
0.0810223356845831,2.1726109533625046
0.07943274775459695,2.1660062906226774
0.07786691021759186,2.1593959403153558
0.0763250280985255,2.15277997722717
0.07480689937715651,2.14615856226134
0.07331272926981021,2.1395316805067046
0.0718424649387827,2.1328994350182384
0.07039605415645615,2.126261928850269
0.0689735532604067,2.1196192708291504
0.06757506416432421,2.112971506681695
0.06620055128410408,2.1063187363780624
0.06485003942875264,2.099661047066988
0.0635235587818617,2.092998511522058
0.06222105573007162,2.086331232690537
0.060942587721563975,2.0796593232680283
0.05968833432719205,2.0729828482890165
0.05845801847393102,2.0663019191062717
0.05725185752144014,2.0596165897025847
0.05606986847128318,2.0529269756955255
0.05491199988472634,2.046233130950722
0.053778285331091136,2.0395351334451046
0.052668660839962675,2.0328330827474046
0.05158317822122056,2.0261270975842325
0.0505219334411102,2.019417225048204
0.04948488376072732,2.0127035632863075
0.0484720749756192,2.0059861758366693
0.04748341421119457,1.9992652660632062
0.046519019049756936,1.992540774227772
0.04557889612936107,1.985812895092727
0.04466306888093241,1.9790816521679315
0.04377153819223522,1.9723471433115474
0.042904292345991774,1.9656094221294604
0.042061293722548965,1.9588686562330506
0.04124263882508945,1.952124888058062
0.04044838626700716,1.9453782279241945
0.0396783396174148,1.93862871694151
0.03893274705926126,1.9318765220331127
0.038211403999422404,1.9251216439028496
0.037514471880241006,1.9183642335754274
0.036841905519882326,1.911604345499704
0.0361937181953316,1.9048420708500953
0.035569930242836646,1.8980774817655115
0.034970477490383754,1.891310669818835
0.03439541072949835,1.8845417682644963
0.03384486133327013,1.8777708546363472
0.03331865294680901,1.8709979774548153
0.03281698830816377,1.864223257412551
0.03233965253672977,1.8574467933252086
0.031886786470474014,1.8506686462403583
0.03145839570556956,1.843888902195949
0.03105445900589277,1.8371076522135217
0.030674983159192284,1.8303249806084263
0.030319946587813732,1.8235409447261466
0.02998928212726959,1.8167557216456678
0.029683218844796206,1.8099693304914453
0.02940149636824654,1.8031819336414994
0.029144376845069354,1.7963935364187167
0.028911642528274932,1.7896042423343077
0.028703371509348218,1.7828141697621906
0.028519653889676873,1.7760233831732473
0.028360436158557017,1.7692319738637725
0.028225723505253077,1.7624400272391496
0.028115465553515136,1.7556476092775377
0.028029732940909505,1.74885489538781
0.027968518321123265,1.7420618809460588
0.027931755130493965,1.735268743723777
0.027919530716356982,1.7284754903280757
0.027931783939972397,1.721682207864649
0.0279684648057361,1.714889033646555
0.02802966318138138,1.7080960329591346
0.028115383045122185,1.7013032904976306
0.028225600288901923,1.6945108948923113
0.028360256159505853,1.6877189364089105
0.028519502683998575,1.680927543664477
0.028703126753825615,1.6741367631023123
0.028911315941802452,1.6673466931160321
0.029143997661252516,1.6605574107530676
0.029401179355062347,1.6537689920792618
0.029682778516094355,1.646981545486671
0.029988829266255353,1.6401951598040871
0.030319410193989475,1.6334099170685705
0.030674504659606958,1.6266259138788255
0.031053938040141615,1.6198432544145753
0.03145793258068398,1.613062001137878
0.03188625318409137,1.6062822627336688
0.03233909397731166,1.5995041036510897
0.03281637859858375,1.5927276132042425
0.03331810627728597,1.5859528826435298
0.03384424857355719,1.579180002065941
0.034394751415652486,1.5724090536462259
0.03496972618902581,1.5656401433515905
0.03556906376757068,1.5588733684511753
0.0361928999932417,1.5521088006335377
0.03684105050115804,1.5453465329460165
0.03751354527151825,1.5385866339984056
0.03821047256690913,1.53182920147937
0.03893176518454336,1.5250743175189068
0.03967741665864562,1.5183220694293773
0.04044742459220231,1.5115725605763501
0.04124164699130936,1.5048258682915403
0.042060360614206496,1.4980821049433022
0.04290323000210735,1.4913413363105792
0.043770503521480965,1.484603652571225
0.044662048840092394,1.4778691567401288
0.045577811450005556,1.4711378910177635
0.04651787016039782,1.464409970172905
0.04748221693613143,1.4576854774741472
0.04847081334307256,1.4509644965779396
0.04948367986024514,1.444247135439767
0.05052062785213172,1.437533476245867
0.05158182704204281,1.4308236178797353
0.052667265172748126,1.424117626220522
0.05377687227211368,1.4174155820066783
0.05491065410932226,1.4107175954656714
0.056068519225602444,1.40402373374137
0.05725049358337677,1.3973340699241967
0.05845664644849705,1.390648713449829
0.05968691562933792,1.3839677385596971
0.06094120577566711,1.3772912826299297
0.06221966033585353,1.3706193696313012
0.06352203933003013,1.3639521549847897
0.0648485238383552,1.357289653175967
0.06619902998235874,1.3506319694078879
0.06757354403387654,1.3439791934061385
0.06897202550760484,1.3373314448226987
0.07039440808504223,1.330688740460582
0.07184076239245799,1.324051208906975
0.0733111201044742,1.317418929878195
0.07480526729128693,1.3107920418273344
0.07632343690052996,1.304170595848536
0.0778653101993213,1.2975546309115873
0.07943113376592839,1.290944281119447
0.08102079127433234,1.2843396117706913
0.08263426394867186,1.2777407085817176
0.08427153764582221,1.27114767255163
0.08593251230341972,1.264560593885272
0.0876172281611517,1.2579795262658406
0.0893256436237042,1.251404606783319
0.09105783443012021,1.244835878634379
0.09281367761719332,1.2382734892043439
0.09459309905978733,1.2317174222822733
0.09639617737679636,1.2251678169114557
0.0982228946227685,1.2186247548246143
0.1000732047282178,1.2120883139930998
0.101947089089237,1.2055585821353147
0.10384450121647691,1.1990356748151845
0.10576535375483492,1.1925196118249994
0.10770975273463797,1.1860105618661225
0.10967762115668421,1.1795085632605842
0.11166894289428766,1.1730137113717467
0.11368360970711673,1.1665260800473
0.11572162951531258,1.1600457278434508
0.11778305953146069,1.1535727783805023
0.1198678179561295,1.147107297369407
0.12197588088802924,1.140649368362068
0.12410714978963622,1.1341990985826838
0.12626177339912947,1.1277565755585148
0.12843947414249823,1.1213218573116925
0.13064045755190637,1.1148950385207959
0.13286461449895748,1.108476191201368
0.13511189903254098,1.1020654222875783
0.13738223316606787,1.0956627562809393
0.13967567313274865,1.089268323446671
0.14199219062372437,1.0828822037833816
0.1443317415837079,1.0765044692899612
0.14669419584383317,1.070135240717264
0.14907971630370848,1.0637745820779334
0.15148799040461441,1.0574225629446083
0.15391924059287657,1.0510792705215994
0.15637335180892106,1.0447447797857177
0.1588503017316527,1.03841918666763
0.16134998642929516,1.0321025540854083
0.16387241176533202,1.0257949518603418
0.1664176332839777,1.0194965069800799
0.16898551585597194,1.0132072863187105
0.17157612010649445,1.0069273836973036
0.1741893153496829,1.0006568719073103
0.1768253259977458,0.9943962710727092
0.17948597044761277,0.9881467546558836
0.18217224499146456,0.9819079729177539
0.18488297115981767,0.9756794514112316
0.18761777394613086,0.9694616900012963
0.1903772685003792,0.9632549587349888
0.19316126904394987,0.9570586576380496
0.19596756867335066,0.9508717110125147
0.19879514146227228,0.944694794617585
0.2016451991807013,0.9385285511967267
0.2045179277451625,0.9323726195829607
0.20741265817511362,0.926226864131365
0.21032929207593867,0.9200916603723932
0.2132681846096968,0.9139670878219749
0.21622923921300996,0.9078530921063069
0.21921223301515247,0.9017497717295223
0.22221741618752777,0.8956577667725716
0.22524658005670534,0.8895783069447202
0.22830066571302524,0.8835110818621591
0.23137842957995625,0.8774555140891068
0.23447964128692353,0.8714121428524132
0.23760499697614035,0.8653813502888674
0.24075419275943213,0.8593628504907148
0.24392704468921095,0.8533567688361547
0.24712344790116741,0.8473632772827496
0.2503436660204274,0.8413825292282987
0.25358749872260294,0.8354144981628302
0.25685482741173044,0.8294593028086547
0.2601456843899652,0.8235170934344603
0.2634599640337554,0.8175879040569319
0.2667976217711145,0.8116718403734752
0.27015859092204214,0.8057690107243222
0.2735429341307892,0.7998795447600834
0.27695049606434574,0.7940034970533777
0.28038115471334873,0.788140895599509
0.2838349608912708,0.7822919030479264
0.28731186971976375,0.7764566070866631
0.2908117992484987,0.7706350817308831
0.2943346985878841,0.7648274223884929
0.2978804954767954,0.7590337244481343
0.3014490879501724,0.7532540300165942
0.305040528851983,0.7474885080617412
0.3086546696083705,0.7417372168283193
0.3122916013353095,0.7360003052643374
0.3159510750796194,0.7302777547161178
0.3196331037400548,0.724569678963904
0.32333771070701905,0.7188762193952727
0.3270647836121536,0.7131974314792574
0.33081426540379233,0.7075334045129389
0.33458622210358,0.7018847298508285
0.3383821311487895,0.6962528756040942
0.34220306020398344,0.6906377011302471
0.34604803316476557,0.6850386093560427
0.349916438736958,0.6794559468354533
0.35380901608841514,0.6738902473639993
0.3577256256254398,0.6683412846154007
0.36166586080256546,0.662809033786854
0.3656297619847616,0.6572938030318658
0.3696174176902949,0.651795705859488
0.37362867718814186,0.6463147409966188
0.37766326453748456,0.6408505143936846
0.381719574673873,0.6354016506273472
0.3857965529744661,0.6299684786144982
0.3898950614001719,0.6245518727979181
0.3940153994156373,0.6191516346779621
0.3981569139664102,0.6137679469203718
0.4023210037041745,0.6084026624263502
0.40650914579493214,0.6030558821323062
0.4107202207552915,0.597726669296476
0.4149535808582044,0.59241538249934
0.4192098568325894,0.5871226342997128
0.4234890379752474,0.5818482030741035
0.4277906578623345,0.5765919890803404
0.43211474913251885,0.5713543548492207
0.43646140153867774,0.5661354225904537
0.4408304687149607,0.5609351624576561
0.44522171346687256,0.5557536414913646
0.449635201151654,0.5505911050045698
0.45407074416347043,0.5454475192387033
0.45852840839446907,0.5403230688042223
0.4630080100567021,0.5352177853721033
0.467509486142238,0.530131783755074
0.4720327600680503,0.5250656136206853
0.4765791988808025,0.5200210424633142
0.4811498470440945,0.5149981027671305
0.48574370961366803,0.5099959829094374
0.4903602720591361,0.5050150543493996
0.49500000831077473,0.5000558583467951
0.4996628455354632,0.4951181936486731
0.5043484247300014,0.49020205971274955
0.5090566907302033,0.4853077499674898
0.5137877045708321,0.4804354282364554
0.5185412141710419,0.47558503252469686
0.5233170867344848,0.4707566804690974
0.5281153362481104,0.4659505893395059
0.5329358515144943,0.4611668035161831
0.5377784753070176,0.4564048849865011
0.5426418338762988,0.45166326872972024
0.5475246567417843,0.4469430105331016
0.552430275111703,0.4422486362765427
0.5573613039060785,0.4375800504183492
0.5623153991195516,0.43293493326558685
0.5672914786563417,0.42831412150371906
0.5722908737903979,0.4237189050376948
0.5773135499295506,0.41914863511832745
0.5823585740865899,0.4146024578225623
0.5874248361913369,0.41007934200603885
0.5925113988604552,0.40557937250457665
0.5976189159889844,0.4011034957808067
0.6027472758236665,0.3966513111694189
0.6078961641220489,0.3922227756870671
0.6130654240534907,0.38781817633620247
0.6182551489450542,0.38343771596372944
0.6234651971265655,0.37908134964738566
0.6286952686812299,0.3747501332835413
0.6339475190123584,0.37044783947612847
0.6392241876906575,0.36617482579789984
0.6445235774512535,0.36192905906613015
0.6498447397052852,0.35771066456450695
0.6551873187223929,0.35351883774139814
0.6605503755955526,0.34935313009257335
0.6659338939376459,0.3452142624482339
0.6713382870544283,0.34110263114703776
0.6767630168197584,0.33701770662994057
0.6822079055123572,0.332959743140941
0.6876729761183801,0.3289290748508067
0.6931581724202901,0.32492578114070003
0.6986631017470156,0.3209496577389577
0.7041877683552954,0.31700102975954897
0.7097321056467121,0.31308007709572155
0.7152957834519661,0.3091877803004413
0.7208805491316792,0.30532797744577655
0.7264884922531544,0.30150118905187034
0.7321182054401222,0.2977054429107551
0.7377685364078245,0.2939411240210891
0.7434403197059751,0.2902089765958836
0.7491327507939518,0.2865067627608099
0.7548438761022997,0.28283374477630896
0.760574198830116,0.2791915977500539
0.766324414436471,0.2755805594211275
0.7720938174600123,0.2719998664101047
0.7778817833421283,0.2684496547853221
0.7836886791931406,0.2649306144303962
0.7895143513526605,0.26144256602472765
0.7953584677276817,0.2579854780860892
0.8012208507286112,0.2545595750781189
0.8071011987750684,0.25116596660999063
0.8130010015616919,0.2478086876770549
0.8189220979094644,0.24448829914998066
0.8248632999378478,0.2412027461644424
0.830823327711694,0.23795223856428294
0.8368029504338707,0.2347383079116327
0.8428022449659436,0.2315599467270083
0.8488198326302038,0.22841488428572773
0.8548543730410199,0.22530329129506435
0.8609063307375345,0.22222636879942653
0.8669761429023288,0.21918418382012037
0.8730630133352604,0.21617608532147067
0.8791665175639742,0.21320235726264275
0.8852869306012046,0.21026361238185623
0.8914239578281273,0.20735956645095038
0.8975774393950814,0.20448975902958497
0.9037459632781497,0.201654363656575
0.9099308169877254,0.19886117263284384
0.9161364252505557,0.1961130086819357
0.9223612993360403,0.19340451937835731
0.9286024280572875,0.19073372445453265
0.934859645058848,0.18810287221898858
0.9411342094800386,0.18551295941366414
0.9474252610914663,0.18296232879704397
0.9537322088187979,0.18045090346047674
0.9600545824091188,0.17797731040696393
0.9663914412489429,0.17554120846600257
0.9727425954184172,0.17314336955888465
0.9791082832042038,0.17078413824238003
0.9854880467557183,0.16846296438707403
0.9918817800133515,0.16617977410825627
0.9982877358857323,0.16393477519907887
1.0047070663974333,0.1617381998064527
1.0111447473843966,0.1595935166710134
1.0175995340074504,0.157494437657342
1.0240678842669628,0.1554382215100174
1.030549886007229,0.15342833828359875
1.0370465378628237,0.15146514420428384
1.0435574223526103,0.14954680201252477
1.0500810137719487,0.1476710638080439
1.0566165983510214,0.14583879850576095
1.0631646122361866,0.1440505689836214
1.0697245762767713,0.14230347982995573
1.0762949990661828,0.14059708434228274
1.0828757721360813,0.13893279168777395
1.0894676552516405,0.1373106994584742
1.0960696792183353,0.13572731255536102
1.1026787880905387,0.13418582234350612
1.109296412694291,0.13270259413668947
1.1159296017969154,0.13128177660069582
1.1225763406755458,0.12991332364509467
1.1292326779098514,0.12859487424708352
1.1358988100393497,0.1273290580263362
1.1425755417431362,0.12611508650649264
1.1492614952886753,0.12494898554920578
1.1559552644680724,0.12383162090793802
1.1626571582772747,0.1227638971328515
1.1693674654035437,0.12174365579547115
1.1760845951064642,0.12076861027480695
1.1828082296714197,0.11983870103399306
1.189538165294132,0.11895324521254326
1.1962741311719367,0.11811042936955912
1.203016022715265,0.11730823001646447
1.209758682050317,0.11654832814368317
1.2164991383380268,0.11586231337924749
1.2232508162679168,0.11526425394799167
1.2300144385143217,0.11473166218847751
1.2367813548222966,0.11425581374204233
1.2435512046515047,0.11384323412536855
1.2503267068213915,0.11349200082547647
1.2571060547119721,0.11319413394013647
1.2638871866008636,0.1129489360390652
1.270670524059473,0.11275682745443867
1.2774562540543761,0.11261362501480146
1.2842433522782346,0.112516707029682
1.291031209904743,0.1124638331691966
1.2978302252584035,0.11244352780817374
1.3046602229445556,0.11237687041047448
1.3115029405703775,0.11215536935572067
1.3183220941084406,0.11179107029568859
1.3251308332937497,0.11134030093312848
1.33194248594091,0.11078093743708961
1.3387414957902612,0.11008765282031156
1.3455214197059318,0.10928023158287785
1.3522897324571805,0.10836752625398173
1.3590443254924718,0.10733726745124854
1.3657780323895263,0.10618773470815644
1.3724906479651382,0.10492682617871041
1.3791827414084639,0.10355374941494935
1.3858507253282417,0.10206514472970064
