-0.10505162650911513,0.016371594100562967
-0.10505161819799656,0.016371594058052955
-0.10505161326030792,0.016371594041357893
-0.10505163046783725,0.016371594118656102
-0.1050516421302005,0.016371594022807526
-0.10505165330947858,0.016371594044427458
-0.1050516541501012,0.016371594074314856
-0.10505164468650226,0.01637159413557621
-0.10505162446993302,0.01637159406815611
-0.10505159575491824,0.016371594028726746
-0.10505159205197355,0.01637159412323174
-0.10389704345648701,0.016371591096477015
-0.10158678334185481,0.01637158736154468
-0.09812123256685089,0.016371582252029532
-0.09350021754798374,0.01637157874939075
-0.087723734529075,0.01637157675240562
-0.08092798256631926,0.016372202586971106
-0.07413284973820684,0.016376533041295823
-0.06733701903755988,0.016385807776566133
-0.06054036827089642,0.016398007538551786
-0.053743613417409034,0.016413229828577992
-0.04694665015179543,0.01643230570312527
-0.04014912115931438,0.016455086452735877
-0.03335117798819566,0.016481129266404843
-0.0265529859790408,0.016510606741541613
-0.019754429519546333,0.01654376214323153
-0.012955455713695243,0.016580409702549797
-0.00615614906205377,0.01662046219621499
0.0006434756596429505,0.016664043498649635
0.0074434612596251375,0.016711171523261355
0.014243799248962725,0.016761774740144838
0.02104446073870448,0.016815859748227194
0.027845449843502058,0.0168734628612243
0.03464677377161684,0.016934570152464423
0.04144842097441992,0.016999163512021877
0.04825038264644823,0.01706725351763339
0.05505265947092925,0.017138846452223848
0.06185524847842211,0.017213934385495264
0.06865814223333805,0.017292515792992097
0.07546126991864135,0.01737460192892544
0.08226375121514541,0.01746016836487935
0.08906525326449655,0.017549212534978747
0.09586551887701902,0.01764173784702536
0.10266453253056128,0.017737750622529365
0.10946194621672514,0.01783760517091344
0.11625745038220765,0.017943440094559913
0.1230519214095888,0.01805608911032213
0.1298459311494353,0.018174204435664764
0.13663944172801054,0.0182977456017874
0.14343306543403914,0.0184274056010132
0.15022711404191877,0.018563112876794186
0.15702146824375465,0.018704460658686178
0.1638160013517639,0.01885160567379759
0.17061078911280203,0.01900472078901763
0.17740586673295208,0.01916367508371731
0.18420116971152795,0.01932840688813035
0.19099667900196432,0.01949900388096244
0.19779241828678282,0.019675479595911604
0.20458837071055094,0.019857780931731326
0.21138450349796561,0.02004591364710114
0.2181807982853027,0.02023990515416261
0.22497723963758443,0.02043974457494299
0.23177414471713392,0.020645418832211784
0.23857125388861417,0.02085693598301144
0.24536857779207935,0.021074299145367032
0.25216612972418617,0.021297500098783326
0.2589639152159018,0.021526536240016023
0.26576177931196027,0.021761401557813795
0.27255925720563823,0.02200210381639333
0.27935581848746405,0.02224858348463068
0.28615119255193705,0.02250085135395094
0.2929451595825827,0.02275890610337648
0.2997377688850863,0.02302275434402723
0.3065291957783466,0.02329240495395309
0.31331961751380655,0.023567831785346403
0.3201095326716693,0.02384912829408243
0.32689921105174186,0.024136280028829903
0.333689047009353,0.024429287728011107
0.3404791487353262,0.024728158933477375
0.34726950034672155,0.025032881786666822
0.35406008980088677,0.025343454560473228
0.3608509120818691,0.0256598793826736
0.3676419554728725,0.02598214786250675
0.3744332171402435,0.026310264298155972
0.3812246897017558,0.026644230529586917
0.38801636617162405,0.02698404709395521
0.39480812406693117,0.027329679536728355
0.40159966670517167,0.027681184722272417
0.4083906707165479,0.028038498854559533
0.4151809049372565,0.028401599651100437
0.4219701804361854,0.028770513253003484
0.4287584010949667,0.029145206824744738
0.4355455855693738,0.029525706508790724
0.4423318261094015,0.02991197866047841
0.4491173267380646,0.0303040870818628
0.4559022904898503,0.030701987748933103
0.46268697003452797,0.03110575390841778
0.46947158101397835,0.03151537310027393
0.4762562594375352,0.03193083919556694
0.4830410932551358,0.032352158823549984
0.48982605779909133,0.03277933609074935
0.4966111629378145,0.03321236584010623
0.503396376722767,0.033651234721028045
0.5101815319798313,0.034095966665333495
0.5169664295809647,0.03454653120437437
0.5237508506701062,0.03500291015828261
0.5305346245200258,0.03546510833502553
0.5373176116162449,0.03593310491790086
0.5440997234243015,0.036406861924715844
0.5508809658569895,0.03688644552418557
0.5576613835942841,0.03737181950839456
0.5644410653311014,0.03786296180612285
0.5712201571320942,0.038359936415390115
0.5779987981936668,0.03886274934363626
0.5847771571665175,0.03937141078455601
0.5915553271028252,0.03988588064413313
0.5983334105198508,0.04040620610466205
0.6051110496263753,0.04093275700727523
0.611887778152346,0.04146757088382128
0.6186642753146889,0.0420114986158492
0.6254405972685017,0.04256332249702648
0.6322161587931553,0.04312281703798853
0.6389908515360266,0.0436907684078418
0.6457648136630189,0.044266978694858884
0.6525378770654918,0.04485116169907045
0.6593098889592381,0.04544334686596964
0.6660808853436274,0.046043799718048506
0.672850956268729,0.04665235784822985
0.6796201026594952,0.04726894809406883
0.686388368106659,0.04789370092657727
0.6931559058399103,0.04852661975532288
0.6999227628739755,0.049167672623082595
0.706689006393621,0.049816861479382794
0.7134546814763538,0.05047421864144514
0.7202198017409849,0.051139735829383116
0.726984334850108,0.05181339982595547
0.7337482126630384,0.052495196962546266
0.7405113754286056,0.053185153258271375
0.7472737484146557,0.05388323209224704
0.7540352260130676,0.05458944095022466
0.7607957306710096,0.05530374359072057
0.7675552173217007,0.05602617673536715
0.7743136579252892,0.056756672098482404
0.7810710411771912,0.057495298159820324
0.7878273774243557,0.058242010915047104
0.7945827014397941,0.058996860387396856
0.8013370516913461,0.059759785452006414
0.8080904904924044,0.06053088194194865
0.8148430722100941,0.061310050973203786
0.8215948134768749,0.062097383792835824
0.8283457406038257,0.06289285077585434
0.835095843058186,0.06369646026876824
0.8418451049728389,0.06450819189220885
0.8485934939303517,0.06532803762303258
0.8553409614370666,0.0661560400224339
0.8620874573920135,0.06699210983101254
0.8688329053458165,0.06783628806687486
0.875577262425229,0.06868857750934192
0.8823204899595213,0.06954894190951341
0.889062566588041,0.07041741907244178
0.895803482547496,0.07129394683390192
0.9025432482939422,0.07217860495944513
0.9092818840454795,0.07307132023383466
0.9160194099206103,0.0739721534514886
0.9227558500982211,0.07488110688885088
0.9294912411844077,0.07579813861868391
0.9362255959215467,0.07672329626522105
0.9429589032559734,0.07765655991441184
0.9496911680687398,0.07859795952470858
0.9564223837841523,0.0795474087971779
0.9631525051618869,0.080504983742521
0.9698815059431022,0.08147065024885948
0.9766093455613069,0.08244440115580717
0.9833359856684729,0.0834262480242407
0.9900614104108526,0.08441614037013075
0.9967851865696814,0.08541444688858477
1.0035067289907382,0.08642319700560241
1.0102267183146725,0.08744329865966732
1.0169453967306994,0.08847350850267026
1.0236623240814364,0.08951362573744494
1.030377457289041,0.09056440453321433
1.0370910636946356,0.0916257337306268
1.0438030920522818,0.0926972626493505
1.0505134386375428,0.09377911351764957
1.0572221269061892,0.09487149319660382
1.0639292234666766,0.09597418989859141
1.070634658681076,0.09708721761410513
1.0773383603577253,0.09821061834078325
1.0840403583630949,0.09934441533369645
1.090740616416804,0.10048854386998939
1.0974390594607706,0.1016429984453616
1.104135679219496,0.10280784964983658
1.110830477641453,0.10398297097056364
1.1175234202796593,0.10516846794046462
1.1242144648956602,0.10636431563707013
1.130903640627463,0.10757045316831211
1.1375909052090265,0.10878696102566554
1.1442762691373005,0.11001378390434587
1.1509597181617195,0.11125094692119065
1.157641258246848,0.11249846798055355
1.1643209106447097,0.11375627500535765
1.1709986196380926,0.11502442736157574
1.1776744253495177,0.11630291150293928
1.1843482809205725,0.11759174243872472
1.1910201728732408,0.11889082468739155
1.1976900527345877,0.12020025466440842
1.2043579052825952,0.12151997167939196
1.2110236899080948,0.12284999301252333
1.217687391628391,0.12419032546281296
1.2243489630225666,0.12554092395128702
1.2310084104519665,0.1269018662025136
1.237665733998627,0.12827301831375296
1.2443208887083768,0.12965453467448965
1.2509739143295187,0.13104626105137798
1.2576247857176142,0.13244831367445026
1.2642734759841439,0.1338606369096891
1.2709199875584427,0.13528326461542226
1.2775643307425262,0.1367161243628512
1.2842064815602596,0.1381592872953418
1.2908463972875857,0.13961270539018317
1.2974840774731782,0.14107639667195376
1.3041194975726536,0.1425503070878942
1.310752627026977,0.14403449328700815
1.3173834705478955,0.14552893721882673
1.3240119753483244,0.14703364226837612
1.3306381400850347,0.14854854977864806
1.337261917770804,0.15007373042151353
1.3438833241746646,0.15160910626302654
1.350502324025562,0.1531547677051591
1.357118939267097,0.15471059638216964
1.36373312417906,0.15627670220615822
1.3703448900371336,0.15785300910634875
1.3769542321754196,0.159439512008354
1.383561127474514,0.1610362616781218
1.3901651003087492,0.16264348814387813
1.3967654137283239,0.1642632010535249
1.403362637554542,0.16589638563692913
1.409957153360572,0.1675417311722471
1.4165484442712664,0.16919907634082818
1.4231364337740553,0.1708691252927011
1.4297213523826984,0.1725518251423538
1.4363031717874748,0.17424677438482125
1.4428816816026222,0.17595407337953847
1.449456914300269,0.1776739649450165
1.4560289502923518,0.17940619508388755
1.4625976695521152,0.18115079833344577
1.4691630408748035,0.18290786519127894
1.4757251118846801,0.1846772728209658
1.482283839097769,0.18645910368547244
1.4888391954741147,0.18825330461111006
1.495391156817076,0.1900598978948889
1.5019396899235817,0.19187888232733202
1.5084847824907475,0.19371020043690357
1.5150264199887247,0.19555385440348153
1.5215645377569165,0.1974099139283942
1.5280991576027,0.1992782749100679
1.5346301838469398,0.20115897625571713
1.5411576728863063,0.20305203199804772
1.5476815860548472,0.2049574189473978
1.554201881886715,0.20687514071921276
1.5607185450925816,0.2088051519813878
1.5672315792397353,0.21074744993664882
1.5737409136058136,0.21270210442725726
1.5802465303395035,0.2146689772463159
1.5867484021378777,0.21664820183699282
1.5932465445336759,0.21863963400445482
1.5997409162647505,0.22064337737189263
1.6062314840479457,0.22265940053859604
1.6127182319610605,0.2246876574418728
1.6192011667853536,0.22672814469174027
1.6256802342325112,0.22878090691311737
1.6321554119179007,0.23084593397116895
1.6386266610913889,0.23292311962200013
1.6450939560267863,0.23501256515840638
1.6515573095372154,0.23711421014619213
1.65801666534696,0.23922809107463996
1.6644720139221023,0.24135414318874676
1.6709233664542233,0.243492366121046
1.677370219312469,0.2456430603166704
1.6838116357650585,0.24780808490674539
1.6902480785630771,0.24998846358931043
1.6966800289398907,0.2521829893237287
1.7031069881681644,0.2543913599376332
1.7095288146599485,0.2566143494824282
1.7159457179169946,0.25885185047749926
1.7223577376719938,0.26110346581039273
1.7287646516309003,0.26336935193422845
1.7351664652446153,0.2656496550521996
1.7415632264150611,0.267944257809478
1.7479548550744224,0.27025308172487583
1.7543412773379863,0.2725761190876852
1.7607224823262075,0.2749134963216752
1.7670984900264697,0.2772650521560849
1.7734691849390554,0.27963081540547774
1.779834595778702,0.28201084371841273
1.7861946476268908,0.2844050773655988
1.7925493904057745,0.28681345214534043
1.798898737964137,0.2892360228896886
1.805242664048133,0.2916727858270667
1.8115811466799085,0.2941237093804938
1.8179141499431453,0.2965887823272712
1.8242416069754765,0.29906799371638654
1.8305635586888505,0.30156126478093465
1.8368798854299722,0.3040686828562584
1.8431906149180963,0.30659019227481143
1.8494956520060244,0.30912574262176173
1.8557950261016536,0.3116754212994387
1.8620886863345043,0.3142391131455214
1.8683766390946956,0.31681683004127864
1.8746588154300499,0.3194086160821767
1.8809352000882078,0.3220144261466679
1.8872057619476297,0.3246342492882759
1.8934704539775706,0.3272680827927918
1.89972925740958,0.3299158325671636
1.905982098858012,0.33257763836555654
1.9122290200051668,0.3352532914147779
1.9184699091194337,0.3379429151441585
1.9247047860923598,0.3406464816015903
1.930933622674598,0.34336396220705184
1.9371563870715125,0.3460953455975824
1.9433730324821463,0.3488406294447016
1.9495835372004149,0.35159975628761003
1.9557874166400075,0.3543729305782916
1.9619834748892075,0.35716197666929567
1.968172146136384,0.359967946896432
1.9743539194035462,0.3627897002965547
1.9805284719390759,0.36562683419061054
1.9866954695617352,0.36848009706124746
1.9928551456250612,0.3713494702524251
1.9990074986166704,0.3742345728527725
2.0051523828750955,0.37713533494108303
2.0112896856806604,0.3800520574350668
2.0174195018758074,0.3829846085249837
2.023541771879337,0.3859328735450079
2.0296564096984318,0.38889690902245105
2.035763384246914,0.39187673232930703
2.0418626976578933,0.39487218893404996
2.0479542624378007,0.39788339289976293
2.054038027212953,0.4009102434600952
2.0601139708031058,0.4039528084679837
2.0661820611401103,0.4070109456318591
2.072242251594284,0.4100847460684683
2.0782945130450394,0.41317415903395643
2.0843387935646005,0.41627917022407174
2.0903750691718694,0.41939970519571906
2.096403311779981,0.42253575921398084
2.1024234438427234,0.4256873714034705
2.108435446635813,0.4288544838925097
2.1144392556400677,0.4320370330652632
2.120434816537151,0.43523509142041145
2.1264221506097374,0.4384484921886143
2.1324011548462973,0.4416773681398062
2.1383718399882095,0.4449215953419112
2.144334174406657,0.44818117234575655
2.150288078348769,0.45145614014275726
2.1562335341458505,0.45474644284526883
2.162170475307059,0.4580520829482172
2.1680989088326066,0.4613729308135781
2.1740187360546535,0.46470907389069244
2.1799299546803677,0.4680604476306814
2.1858325255097752,0.47142705920145495
2.1917264095805193,0.47480887318261694
2.1976115521565314,0.4782058608572958
2.2034879679196293,0.4816179268019197
2.2093555173668213,0.4850452033251041
2.21521425533349,0.4884874826789986
2.221063590474022,0.4919450683905761
2.226902200526339,0.49541949955656306
2.232730366970578,0.498911866720507
2.23854871343426,0.502421145911061
2.244356865538247,0.5059469276340591
2.2501544595923293,0.5094898494158352
2.2559417064794007,0.5130498872813878
2.261718656362869,0.5166266634470659
2.267485086566432,0.5202201571027927
2.273240901683984,0.5238306612681805
2.278986258326046,0.527457849376169
2.2847209942806423,0.5311017971076112
2.29044504846273,0.5347624770983057
2.2961583933226724,0.5384398866499577
2.301860991512395,0.5421339597966498
2.3075528042979987,0.5458446086055347
2.3132337763392568,0.5495718445032277
2.318903820285711,0.5533156965466506
2.3245629185859475,0.557076053852619
2.330210964285241,0.5608529773378121
2.33584799309,0.5646462672417435
2.3414738773346424,0.568456091930314
2.3470886650515266,0.5722822313226132
2.352692233422372,0.5761248086317817
2.3582845666905294,0.5799837384808242
2.363865614767546,0.5838589870399628
2.3694353211642016,0.5877505123550713
2.374993687948538,0.5916582302775396
2.3805406157051885,0.5955821739298539
2.3860760597263657,0.5995223133372857
2.3915999846756217,0.6034785996137839
2.3971123299946475,0.6074510002245069
2.4026130632486513,0.6114394347090206
2.4081021141345875,0.6154438946866614
2.41357940193526,0.6194644293563619
2.4190449794198687,0.6235008455420116
2.424498717090786,0.6275532665857885
2.4299405958971714,0.6316216112155607
2.435370600864185,0.635705793978861
2.4407886826965264,0.6398057936066824
2.4461947479058783,0.6439216370492332
2.45158878074412,0.6480532501702023
2.456970735008939,0.6522005976652163
2.462340538585593,0.6563636663881695
2.467697712716434,0.6605423757707973
2.473040606532016,0.6647383194757958
2.4783693413618852,0.6689525698992069
2.483684740563613,0.6731840712974578
2.4889864207510195,0.6774324584479303
2.49427394757553,0.6816982838251092
2.4995475252469244,0.6859815689836184
2.5048072419192895,0.6902819196435428
2.5100528929463675,0.6945992925702699
2.5152843781108727,0.6989338377011572
2.520501704136551,0.7032854957971932
2.5257048360173893,0.7076541027819458
2.5308936688324826,0.7120396212380288
2.5360680996193246,0.7164421364245568
2.5412282063466933,0.7208613999484513
2.5463738266624376,0.7252975272847717
2.5515049762248987,0.7297503819651767
2.556621598390441,0.7342199369785757
2.5617235873055373,0.7387061996501963
2.5668109141671693,0.74320908999442
2.571883522585043,0.7477285690043773
2.5769413372090546,0.7522646079471221
2.5819843829375864,0.7568170183741091
2.5870125108243283,0.761385893986647
2.592025669524279,0.7659711852594855
2.597023851290111,0.7705728152849199
2.6020069947185354,0.7751907317649822
2.606975093196109,0.7798248338494903
2.6119280324570178,0.7844751404560305
2.6168657545855574,0.7891416050704922
2.6217882174080662,0.7938241639655337
2.626695396803534,0.7985227008727127
2.6315872233829785,0.8032372192034263
2.636463617965398,0.8079677013424956
2.64132455768087,0.812714074979153
2.6461699871105235,0.8174762936054552
2.65099984288388,0.8222543170600781
2.655814118161009,0.8270480413964615
2.6606127374430883,0.8318574262610513
2.6653955787897523,0.836682504933488
2.6701626833298064,0.8415230940349036
2.6749139124921184,0.8463792849200694
2.679649341992238,0.8512508801959145
2.6843688374996595,0.8561379198894202
2.6890723504408727,0.8610403553782894
2.6937593328121365,0.8659581316225279
2.69842802175977,0.8708924445981514
2.7030783312032307,0.8758443868467288
2.707711229015327,0.8808129823350255
2.7123263385731193,0.8857978514820929
2.7169231419610314,0.8907994318757987
2.7215018173559486,0.8958178092892966
2.726062581598769,0.9008525101271834
2.730605159570721,0.9059035177014921
2.7351293672351327,0.9109710021820496
2.739635307065041,0.9160548041409137
2.7441229269482004,0.921154776982518
2.7485921226416563,0.9262708764975579
2.7530427770488064,0.9314030994655912
2.7574749653012827,0.9365512680199614
2.761888522649613,0.9417154202696238
2.7662834209121296,0.9468954704074591
2.770659621053579,0.9520913445798165
2.7750171159037955,0.9573029124502743
2.779355768465243,0.9625301787772733
2.783675522124126,0.9677730857202976
2.7879763333993313,0.9730315489805125
2.7922581904545445,0.9783054339279361
2.7965209359038656,0.9835947740509565
2.8007646290746875,0.9888993842792726
2.8049891331741104,0.9942193086681964
2.8091944259633137,0.9995544409249484
2.813380442899184,1.004904722026996
2.817547187348401,1.0102700303806655
2.8216945816878103,1.0156503099669303
2.825822504851803,1.0210455536010283
2.8299309013336034,1.0264556796346866
2.8340198355321635,1.0318804902790268
2.8380891391381677,1.0373200511686582
2.8421388133109122,1.0427742358994998
2.846168773815897,1.0482430129996423
2.8501789873015326,1.0537262963418146
2.8541693973658657,1.059224018165462
2.8581399638303004,1.0647361019085715
2.8620906809839135,1.0702624236544436
2.8660214130816257,1.0758029701830114
2.8699321169679615,1.081357673394984
2.8738227576941857,1.0869264133894714
2.8776932733361877,1.0925091787798185
2.881543694940503,1.098105812151007
2.8853733477738412,1.1037162701179302
2.8891803481629004,1.1093413906497713
2.8929644237924315,1.1149822235584597
2.8967266068417095,1.120638042163757
2.9004667383484115,1.1263082421984238
2.904184162737966,1.131993216875144
2.907878989936349,1.1376930724533532
2.9115514164394125,1.143407420269513
2.915201311419292,1.1491360422380048
2.9188284285581614,1.1548791392807014
2.9224328325896374,1.1606365357243664
2.9260145115441905,1.166408105341766
2.929573900773758,1.1721938337246334
2.9331128711066348,1.1779928024534165
2.936631567184294,1.183803865972762
2.9401283640230953,1.1896273900961483
2.943601391770008,1.1954646323084581
2.9470509097631807,1.2013161948473217
2.950477861798369,1.2071811865407551
2.9538817380286675,1.2130593368761131
2.9572620132036462,1.2189510640111898
2.96061900202772,1.2248562399006986
2.963952855773906,1.2307744821660958
2.9672631626301498,1.2367058439526246
2.9705500470229143,1.242650207567006
2.9738133677063776,1.2486075959660379
2.977053256185848,1.2545777421287814
2.980269530442909,1.2605606241364402
2.9834620876347167,1.2665562218531485
2.986630960255967,1.2725643809635556
2.9897760725524845,1.2785850077463492
2.992897354178077,1.2846180357720376
2.995994842494788,1.2906633223669466
2.9990684551877758,1.2967207715558438
3.002118056828685,1.3027903492685216
3.0051436068390824,1.3088719534359428
3.0081451982701988,1.3149653686035256
3.0111226787596856,1.3210706264352174
3.014075988084056,1.3271875778034603
3.017005110274259,1.3333161776035545
3.0199100727228534,1.3394562754196766
3.0227907906524316,1.3456077794051213
3.025647120562001,1.351770650991477
3.0284791384892875,1.357944750398775
3.0312866828016807,1.3641300265078062
3.034069797470156,1.3703263041217726
3.03682847428599,1.3765335194051502
3.0395620866891444,1.382751444687724
3.0422685176894144,1.3889805839645384
3.0449474582790934,1.3952217926280381
3.047600003752977,1.4014746116110615
3.050226404390507,1.4077386287183369
3.0528282217312275,1.4140134477522002
3.0554059583450086,1.4202981047264913
3.0579585466248207,1.4265927278846553
3.060486020788981,1.4328975983541634
3.0629886603577985,1.4392124875024221
3.065466590233909,1.445536976772039
3.0679193136273084,1.4518712617886913
3.0703469457624872,1.458215284163091
3.072749654308946,1.464568800948938
3.0751272648698578,1.4709317013068717
3.0774791230445544,1.477303807865273
3.0798032586426864,1.4836854461755247
3.0820991593928535,1.490077518450745
3.084367966440112,1.496479571034325
3.0866096825921163,1.5028909714256753
3.088823578684792,1.5093119052048218
3.0910097191723196,1.5157424889935354
3.0931683820022546,1.5221823851315213
3.0952995002456882,1.5286313158994926
3.0974027869025282,1.53508941641857
3.099478363695056,1.5415565082577072
3.1015261899533253,1.5480324372203018
3.10354616823862,1.5545170898715903
3.105538248164466,1.5610103841792262
3.107502464693747,1.5675121899964881
3.109438817962622,1.5740223169791279
3.111347153443964,1.580540709448704
3.1132274328410303,1.5870672491336828
3.115079735084338,1.5936017842358459
3.1169038723376614,1.6001442002548019
3.1187000169191688,1.6066943796262283
3.120467965342511,1.613252216610604
3.1222077543229774,1.6198175886772177
3.1239193462507697,1.6263903757467368
3.1256027020092447,1.632970470548666
3.127257877844635,1.6395577218629696
3.128884790027123,1.6461519978628225
3.13048330868035,1.6527532219357457
3.13205346545689,1.6593612529400381
3.1335952244556946,1.6659759687976299
3.135108548230492,1.672597260117949
3.1365935387675274,1.6792249393399332
3.138049931148408,1.6858589603021348
3.139477878884954,1.6924991127733242
3.140877256046229,1.6991453676483528
3.142248110960706,1.7057975941504337
3.143590470296102,1.7124556082841969
3.144904210206491,1.7191193340326254
3.1461893052016396,1.7257886528091344
3.147445761387827,1.732463433600774
3.148673548986624,1.7391435556471286
3.149872672766345,1.7458289132046287
3.1510431791552844,1.7525193008293076
3.1521847869986264,1.7592146928224464
3.1532977760674266,1.7659148511121376
3.154381831586505,1.772619767710218
3.155437198293796,1.7793292766735298
3.156463768176887,1.7860432320053758
3.1574609938575033,1.7927612674259286
3.1584268225502443,1.799483271175551
3.1593609725671774,1.8062103167730132
3.16026680982003,1.8129421670105652
3.161145181344792,1.8196772608041472
3.161993999181879,1.8264157181089222
3.162813242053689,1.8331581685950677
3.163604034589278,1.8399041649110168
3.1643660284309196,1.846653283114383
3.1650988042699746,1.853405533546667
3.1658025351078734,1.860161052558225
3.166477422290983,1.8669194495342516
3.1671232271181124,1.8736806354471764
3.167739884288748,1.8804445720365488
3.168327553768063,1.8872111587235503
3.1688862764919983,1.8939801418783349
3.1694154512806922,1.900751146591909
3.169912985475459,1.907523951885631
3.170378192515682,1.914299274018815
3.170812312250675,1.9210769495037858
3.171215457167279,1.927856395277639
3.171586945937048,1.934637462682802
3.171926780951644,1.941420355382806
3.1722353471833116,1.9482047167274452
3.172512462477322,1.9549903879750652
3.172758080459408,1.9617772957601614
3.172972263105204,1.968565284260283
3.1731553543768865,1.9753545183930288
3.173309428506002,1.9821450694271514
3.1734352602099327,1.9889360077580533
3.1735316185957188,1.9957271675671628
3.1735984703065228,2.002518869565456
3.1736360776831933,2.009310545281501
3.1736421461103226,2.016101588404919
3.173615580450838,2.02289276525803
3.17355778484403,2.0296841233841736
3.1734691359429585,2.036474985305678
3.173348629901621,2.0432651350272715
3.1731965411997987,2.0500548181619727
3.1730130599438167,2.0568437460343434
3.172798195975302,2.0636316798510213
3.172551743780114,2.070418558769634
3.1722738909719808,2.077204254072791
3.1719646251591476,2.0839885830636744
3.171623854876032,2.0907713831431702
3.171251592138359,2.097552544813291
3.1708478990862003,2.1043319319151554
3.170412822900426,2.111109375194915
3.1699463892360744,2.1178847175395177
3.169448507116127,2.1246578317913682
3.1689191307314313,2.131428561729166
3.1683585295873455,2.138196742454717
3.167766372145804,2.1449622461116022
3.1671430637696436,2.1517249293891765
3.1664882806049772,2.158484651832279
3.1658021568575303,2.165241271564872
3.165084703455786,2.1719946441187625
3.1643359327828464,2.178744611352032
3.1635559626565337,2.1854910425920973
3.162744751370792,2.1922337931459954
3.1619022112981106,2.1989727098266854
3.1610284335791383,2.205707654481839
3.160123431236627,2.212438482915526
3.159187215999228,2.2191650307773605
3.1582199761015586,2.2258871690630855
3.1572213575854433,2.2326047256362527
3.15619182226538,2.2393175895402853
3.1551309869220225,2.246025607202545
3.1540391162789123,2.252728598020058
3.1529162491205343,2.2594264914495454
3.15176230212831,2.266119105161017
3.150577297226669,2.272806298902602
3.1493612946239407,2.2794879335767684
3.148114318297761,2.286163861894307
3.1468364340750545,2.2928339074868322
3.1455277183927044,2.2994979951633785
3.1441880891351466,2.306155940532295
3.1428175679694177,2.312807604166979
3.141416213078368,2.319452848743615
3.1399840682596105,2.326091496817609
3.138521212992072,2.3327234507710415
3.1370275096090627,2.3393485117072794
3.135503231606256,2.3459666002441124
3.1339481840888403,2.3525775462302225
3.132362478977582,2.3591812000474413
3.1307462541501385,2.3657774245315477
3.129099490221733,2.3723661154478792
3.1274221214582654,2.378947089712576
3.1257142596409753,2.385520221435332
3.1239759391643798,2.392085369348935
3.1222071912490956,2.398642376689879
3.120408151597285,2.405191113343244
3.118578799721606,2.411731464538607
3.1167190671904197,2.4182632507466226
3.114828979299142,2.4247863390499904
3.1129088654035186,2.4313005799972434
3.1109584000749826,2.437805816623582
3.108977935008166,2.444301973951184
3.1069672631660556,2.4507888649419334
3.1049265206685432,2.45726637028727
3.102855749725354,2.4637343467721373
3.100755035184836,2.470192636031817
3.0986244762187503,2.4766411557841184
3.096464015176162,2.483079719147797
3.0942736953287224,2.4895081906108825
3.092053595032304,2.495926441676536
3.089803756306638,2.5023343316070568
3.0875242609213687,2.5087317074374265
3.0852152031626274,2.5151184857180833
3.0828765216153204,2.5214944804004196
3.080508173676622,2.5278595102566626
3.0781105222596454,2.534213534172121
3.0756833173464044,2.540556322744964
3.0732268121658177,2.5468878280268794
3.070740894081345,2.5532078570107446
3.068225690338184,2.5595162977875594
3.0656812532522837,2.5658130130488144
3.0631076355888887,2.5720978546136415
3.0605049935590816,2.5783707150020523
3.0578733312564177,2.584631461664053
3.055212604230097,2.590879916101029
3.0525229381304038,2.597115971460647
3.049804384396491,2.603339493016371
3.04705698023176,2.6095503188558964
3.0442809516632736,2.615748383449558
3.041476104304591,2.6219334563283394
3.0386426605620334,2.6281054684993057
3.03578056134811,2.634264265034632
3.0328899494725112,2.6404097195839853
3.029970939078474,2.646541749848031
3.0270234909362004,2.65266016836778
3.0240476665724088,2.6587648457614423
3.0210435637439743,2.6648556635289258
3.018011245659814,2.6709324870944195
3.0149508131179,2.676995181653506
3.0118623824123705,2.6830436655709633
3.0087459165851245,2.6890777520722273
3.005601475230198,2.6950973134983665
3.0024291521202526,2.701102234012613
2.9992290924041414,2.7070923925143475
2.9960011467482355,2.7130675750504065
2.992745739930187,2.7190277905630538
2.989462607944187,2.7249728126221258
2.9861519298803274,2.730902551600685
2.982813772446371,2.736816868274541
2.9794483001415126,2.7427156756158784
2.9760555380803666,2.748598837192333
2.9726354654944744,2.7544661734989258
2.969188223721418,2.7603175936125366
2.965713884193617,2.766152970417823
2.9622125157507035,2.7719721678132436
2.9586842841689607,2.777775103864417
2.955129215217335,2.783561640770932
2.9515472045568334,2.7893315403690804
2.9479386869769644,2.7950848483418906
2.944303369508498,2.800821273961964
2.940641613112657,2.8065408528184963
2.9369533422851517,2.8122433765650254
2.9332386301528675,2.8179287230561463
2.9294975847238414,2.8235967858826108
2.9257302831640994,2.8292474397779817
2.921936839087469,2.8348805683234395
2.918117385694024,2.840496097637364
2.9142719082348343,2.8460938414695125
2.9104004849856784,2.8516736812182826
2.906503227098223,2.857235513940359
2.9025802137663845,2.862779215913178
2.898631557871168,2.8683046733485384
2.89465741281823,2.8738118062209694
2.890657716080592,2.8793004007312564
2.886632608835622,2.884770367033196
2.8825821585352394,2.890221605804165
2.8785065435899524,2.8956540497329257
2.8744058088098132,2.9010675609407373
2.8702799491295847,2.9064619582115214
2.8661291145133703,2.911837169138411
2.861953392424172,2.917193077166144
2.857752866230206,2.9225295579001735
2.8535277107800687,2.9278465519111134
2.849277974254841,2.933143922831411
2.8450036574499515,2.938421491471846
2.8407049115435745,2.9436791880913873
2.836381857070379,2.948916899179432
2.8320345579777033,2.954134479532056
2.8276631842814144,2.959331883289428
2.823267698550064,2.9645089232164645
2.818848250244836,2.9696655314518656
2.814404927731916,2.9748015912059214
2.8099378524402767,2.97991700281115
2.8054471705731694,2.9850117019467213
2.800932887299008,2.990085503971703
2.796395094705614,2.995138300422168
2.791833915173542,3.0001700033666188
2.787249442346639,3.0051805014438018
2.7826417994199044,3.010169700185668
2.778011135080247,3.015137537633748
2.773357458107815,3.0200838290926946
2.7686808204635716,3.025008424143526
2.763981529986542,3.02991135469902
2.759259423597115,3.0347923334221045
2.7545149112939153,3.03965149782341
2.7497478192888742,3.0444885330469793
2.7449583461173837,3.049303417170391
2.740146592064561,3.0540960439143157
2.7353126525378424,3.058866301029352
2.73045670898183,3.0636141510502615
2.725578829485333,3.068339460135299
2.720679034091199,3.07304205223722
2.715757481132757,3.077721877419602
2.7108142727118114,3.0823788316902307
2.7058495066219534,3.0870128050900716
2.7008634181389963,3.0916237872450534
2.6958558646796114,3.096211469092959
2.6908272621769616,3.100776010258316
2.6857774190554182,3.1053170640245784
2.680706606424658,3.1098346910503736
2.6756149611001683,3.1143288191387497
2.6705025091615733,3.1187992696986813
2.665369355659001,3.1232459469549836
2.6602156335761,3.127668779511128
2.6550414500950907,3.132067668690588
2.6498469356074077,3.1364425384664845
2.64463225129727,3.1407933392624576
2.63939742536769,3.1451198907101006
2.634142564469085,3.149422097062729
2.628867802672127,3.153699887506252
2.6235732605426647,3.1579531729111205
2.6182590971933553,3.162181858490771
2.612925420892494,3.166385883975574
2.6075722565811037,3.1705650755989723
2.602199765549337,3.174719402454506
2.5968080542665755,3.1788487663123624
2.591397307479646,3.182953153182439
2.5859676126750717,3.187032437643121
2.58051901113522,3.191086452601269
2.575051667636452,3.1951151693566944
2.5695656963551774,3.199118497038528
2.564061205733376,3.2030963395403464
2.5585383798836774,3.2070486839453176
2.5529973102939407,3.2109754009121
2.547438042108452,3.2148763071342152
2.541860782033517,3.2187514273063482
2.536265583483562,3.222600561701856
2.5306526297490444,3.226423759116956
2.5250220222205497,3.2302208939911643
2.5193738413368982,3.2339918514452597
2.5137082293842727,3.2377365787989794
2.508025304731877,3.2414549935927726
2.5023252032271284,3.245147043699966
2.496608098910316,3.248812698535062
2.490874039943559,3.2524517880925243
2.485123144265446,3.256064232317957
2.479355553909902,3.2596499774859957
2.4735713889110986,3.263208937959594
2.46777078484141,3.266741057987186
2.4619539447583776,3.270246323030808
2.4561208143138256,3.273724421154655
2.4502717289549976,3.277175521514269
2.4444066297877893,3.2805993769629493
2.4385257640187095,3.283996075886619
2.4326292345705793,3.2873654950387707
2.4267171008392654,3.290707474548332
2.4207895291856887,3.2940220085360914
2.414846645756382,3.297309026406564
2.40888856943468,3.300568452620641
2.4029154840957307,3.3038003012485677
2.3969275004381583,3.307004456050894
2.390924681481408,3.310180755688301
2.3849071941671234,3.3133291914133376
2.378875155230646,3.3164496605053184
2.3728287889671096,3.3195422258206877
2.3667679226495646,3.3226070521321445
2.3606936138993975,3.3256464156290257
2.3546068433541123,3.328660290574387
2.3485075081695013,3.331647174580867
2.3423944705963473,3.3346049582827204
2.336267146395313,3.337533838078457
2.3301264818271097,3.340434936972631
2.3239726958248537,3.343307640626005
2.3178055145555407,3.346151428665881
2.311625060139459,3.3489665466375893
2.3054317862317557,3.351753310382701
2.2992256499945696,3.354511226315481
2.2930067296946253,3.3572402489813657
2.2867751864017314,3.359940488928109
2.2805312054103015,3.3626117464925844
2.2742748046330186,3.365254620143701
2.2680065571877974,3.36787093744254
2.2617276817007075,3.370461079634257
2.255437865328852,3.3730237711209208
2.2491368745422045,3.375559224471944
2.2428250278228714,3.378067877540025
2.236502811141717,3.3805489064727143
2.230169709988389,3.383000198329696
2.2238246375551047,3.385421189305026
2.217468286829119,3.3878132526097064
2.2111012608382166,3.390176159858561
2.2047233792075946,3.392509203736589
2.1983345269408585,3.394812579799317
2.191935114223819,3.397086517387503
2.185525269903467,3.399330627737775
2.1791049233745876,3.4015455020498666
2.172674524935412,3.403733157367391
2.166235310088317,3.405894017505984
2.1597870600984286,3.408026717616302
2.1533294218635533,3.410131482357073
2.146862757383338,3.4122087971766812
2.140387391806227,3.4142583842869354
2.1339032930708135,3.416279967624188
2.1274104778296685,3.4182737633159315
2.12090940377374,3.4202392903561805
2.114399839888548,3.422174231080798
2.10788093325242,3.42407813673608
2.101353033254978,3.4259522363572583
2.0948168296135496,3.4277964341046685
2.088272173745177,3.429609884979695
2.081718976538704,3.4313928889220526
2.075157415044227,3.4331462402348265
2.0685879282223327,3.4348716978580716
2.0620114866302335,3.4365696505403807
2.0554280119700787,3.438238937357655
2.0488371931514378,3.4398797507849226
2.04223931933278,3.4414923730954414
2.0356348179099135,3.4430769669156693
2.029023509465932,3.4446328927756595
2.02240550107335,3.446160373830384
2.015781024578737,3.4476596282403156
2.009150199128687,3.4491303862875404
2.0025133185901924,3.4505720395052824
1.9958704534425322,3.4519828033073807
1.989220673288689,3.453361872495229
1.982564347255236,3.454710362459079
1.9759020827204894,3.4560284832798205
1.9692335401884307,3.4573156849527806
1.9625588753661798,3.4585745520234097
1.9558792120134125,3.4598058316324867
1.9491946334843737,3.461007986481116
1.9425046438858788,3.462180966441015
1.935809643540496,3.4633256128796406
1.9291099438110373,3.4644416471074866
1.9224055774199598,3.4655286243639494
1.9156965025069446,3.4665868659678387
1.9089829542046133,3.46761627610365
1.9022651005071305,3.468616970237534
1.8955430124690826,3.4695887597619675
1.888817059268564,3.470531197724979
1.8820874111936121,3.4714422500196354
1.875353272055218,3.472321202504058
1.868614848951512,3.4731691572918937
1.8618725767622863,3.473986830134306
1.8551262981598595,3.4747755209390694
1.8483768598057677,3.4755359738170886
1.8416244448261736,3.476267170277933
1.834868871947901,3.476969167498242
1.8281101925796304,3.4776423071067457
1.8213487830906456,3.478286531696338
1.8145847352182118,3.478901511096381
1.8078180287272534,3.479487541312656
1.8010488560333722,3.4800444796214878
1.794277354585099,3.480572391248749
1.7875036811292682,3.48107124484059
1.7807279490444354,3.481540913983442
1.773950245826612,3.4819816491122304
1.767171056427759,3.4823927373103847
1.7603906042447175,3.482772301317857
1.7536079090123577,3.483119937291616
1.7468228984798293,3.483438904165527
1.7400370356834693,3.4837301147909665
1.7332503613442871,3.4839915672676254
1.7264622643250094,3.484223247150447
1.7196730951201218,3.484426357067388
1.7128833737462135,3.4846005372530504
1.7060929667874023,3.484745127902191
1.6993019328624792,3.484860600367696
1.6925104387817382,3.4849469986252615
1.6857187267999079,3.4850043362788505
1.678926802771088,3.4850323886772148
1.6721347858791755,3.4850312927031166
1.6653428536070014,3.4850010893538212
1.6585511148365566,3.484941699337806
1.6517596451878638,3.484853172047018
1.6449686435823059,3.48473559398544
1.638178215635031,3.4845888409030854
1.6313884743166815,3.4844128886032557
1.6245995498340833,3.4842077580625563
1.617811567591459,3.4839735785973374
1.6110246695365198,3.4837101413372062
1.6042389922755953,3.4834176463959503
1.597454617672954,3.4830959489752167
1.590671681461072,3.4827451143957147
1.5838902960309709,3.4823651443987194
1.577110605755597,3.4819561453117225
1.570332735180949,3.481518080125744
1.56355680454494,3.481050862478956
1.5567829352136873,3.4805545706993843
1.5500112549980267,3.4800291826750454
1.5432419133425044,3.4794748699722815
1.536475019015307,3.478891346456643
1.5297107037240367,3.478278963447597
1.522949071042911,3.4776374305567637
1.5161902544874246,3.476966853525873
1.509434380860439,3.476267275075962
1.5026815586293638,3.4755387552063675
1.4959319248019143,3.4747812060575596
1.4891856000455836,3.4739946411114127
1.4824427060918959,3.4731791095645
1.4757033707175329,3.4723346280561556
1.46896773926688,3.471461346450941
1.4622359142362065,3.4705590407110574
1.4555080478700682,3.469627925739719
1.4487842333811136,3.4686679138857577
1.4420646174101404,3.4676790408531657
1.435349300723313,3.4666614159710423
1.428638398798542,3.465615000894416
1.4219320523125367,3.464539709421232
1.4152303766784209,3.463435623321115
1.4085334946590324,3.46230275568251
1.4018415502155834,3.461141119940494
1.395154651659563,3.4599508309491616
1.38847290805676,3.4587318341670312
1.3817964966697829,3.4574841687984588
1.3751254880085337,3.456207757480032
1.3684600673200076,3.4549027590706265
1.3618002654580361,3.453569252385571
1.3551462509967769,3.4522071481562002
1.3484981432310807,3.4508164672654753
1.341856059008502,3.449397262648303
1.3352201236115158,3.447949552670684
1.328590495785787,3.4464733921121957
1.3219672219374992,3.444968851558475
1.315350470744609,3.4434358519932835
1.3087403630697099,3.441874403139066
1.3021370467567084,3.440284645071225
1.295540645602123,3.4386664064901606
1.2889512151603186,3.4370200670863236
1.2823689279729336,3.435345331820436
1.2757938833990907,3.4336423500479887
1.2692262031394457,3.4319111523706556
1.2626660241563867,3.4301517661837515
1.2561134588671117,3.428364318953356
1.2495685986040879,3.4265487945208903
1.2430316034945843,3.4247051273501685
1.23650257690662,3.4228334149195843
1.2299816351246213,3.4209336580472143
1.2234689474073799,3.419006052041994
1.2169646178035674,3.417050341135159
1.2104687074879417,3.415066902475529
1.203981387893269,3.413055476500509
1.1975027602259014,3.4110161984586
1.1910329649183091,3.408949140123584
1.1845720623363252,3.406854390890171
1.1781202180598656,3.4047318917777685
1.1716775475746317,3.402581680141914
1.165244160770321,3.400403826304571
1.1588201792522057,3.3981983673501657
1.1524057394253175,3.395965376242139
1.1460009114913057,3.393704957710232
1.1396058892390097,3.3914170034432494
1.133220756407566,3.389101604922648
1.1268456296788967,3.386758795943977
1.120480605643497,3.3843887115320985
1.1141257917041925,3.3819913467729634
1.107781346638326,3.379566647600118
1.1014473637687492,3.3771147234107457
1.0951239600996439,3.3746356177778436
1.0888112656172333,3.372129371141671
1.0825093721144075,3.369596119880342
1.0762183886721937,3.367035864466952
1.0699385096473708,3.3644484740258664
1.0636697665243056,3.3618343527311323
1.0574123563098223,3.3591931851366046
1.051166293110279,3.356525302574925
1.044931749502239,3.35383060118182
1.0387088386594332,3.351109124029462
1.0324976643476154,3.3483609477300798
1.0262983437063518,3.3455861180173834
1.020111000137073,3.34278471628372
1.0139356977079992,3.339956843896565
1.0077726028269145,3.337102455412441
1.0016218266966401,3.3342215992749047
0.9954835081627658,3.3313142981531523
0.9893576789211457,3.3283808375351427
0.9832445362837785,3.3254210715771673
0.9771441684124837,3.3224350425889937
0.9710566680856725,3.319422848186723
0.9649821499010197,3.3163845385777164
0.9589207393904058,3.3133201607396576
0.9528725149672762,3.3102298568731876
0.9468375912917951,3.307113639682829
0.9408161276376102,3.3039714746818927
0.9348082043105191,3.300803481952398
0.9288139325470312,3.297609717160073
0.9228334170706548,3.2943903278599946
0.9168668366937659,3.2911451730739243
0.9109141933201486,3.287874601585814
0.9049756790785497,3.2845784062881513
0.899051366883021,3.2812567414075815
0.8931413711484817,3.277909690584622
0.8872457534248777,3.2745373633512185
0.8813646803085998,3.2711397251000496
0.8754982582627459,3.267716832413157
0.8696465816808424,3.2642687740800107
0.8638097621794889,3.2607956091971433
0.857987908711972,3.257297429947023
0.8521810763926491,3.253774383044664
0.8463895089205683,3.250226295996617
0.8406131827385371,3.246653505618798
0.8348522942128189,3.2430558627296495
0.8291068639446906,3.2394336002851505
0.8233770134194516,3.2357867362354003
0.817662903563041,3.2321152468000953
0.8119646038468595,3.2284192564839174
0.8062822202259937,3.2246988289734952
0.8006158687923302,3.2209540239245844
0.7949656111524287,3.2171849899419
0.789331564782342,3.2133917538125782
0.7837139138088041,3.2095742644131047
0.7781126784684106,3.20573279086123
0.7725280575034076,3.2018671961107614
0.7669600105908791,3.197977773332477
0.7614087269834507,3.1940644538311056
0.7558743079044139,3.1901273074973098
0.7503568395005368,3.186166432964981
0.7448564260935682,3.1821818998874183
0.7393731639307111,3.178173807876315
0.7339071077781747,3.174142280436119
0.7284584245150335,3.17008729952824
0.7230272136822359,3.166008932992963
0.7176135684371566,3.1619072660934275
0.712217559307085,3.157782480700411
0.7068393669940525,3.153634484226483
0.7014789912991192,3.1494635217718527
0.6961365997436912,3.145269520448602
0.6908122613086596,3.1410526089248316
0.6855060848668585,3.1368128586318993
0.6802176094408057,3.1325505057282834
0.6749454035332682,3.128267068959069
0.6696897672005097,3.123963643298762
0.6644516001262534,3.119639422056694
0.6592306603897937,3.115294158327268
0.6540272221936869,3.1109283061541357
0.6488430803627976,3.106540764875755
0.6436784567612602,3.102129953410705
0.6385323560500843,3.097696966013058
0.6334051125878174,3.0932424700570396
0.6282968465692589,3.088765935779901
0.6232057266140469,3.084268759696263
0.6181317769508703,3.079752460593471
0.613076174515788,3.0752161932528423
0.6080387819068058,3.0706594217091676
0.603019115839239,3.066082874603134
0.5980174552289895,3.0614869052674614
0.5930342683511871,3.0568709936691607
0.5880692687411371,3.052235434550413
0.5831225513504608,3.047580358005254
0.5781942741920847,3.04290584537577
0.5732845607206516,3.038211812220243
0.5683933926336253,3.0334984079458507
0.563520861241538,3.0287657473592406
0.5586670768097947,3.0240138758738087
0.5538320548245367,3.0192429023222043
0.5490159241604583,3.014452848626935
0.5442187723144575,3.009643786034842
0.539440661156962,3.0048157954057957
0.5346816585618753,2.9999689524331457
0.529941772509698,2.9951034281797906
0.5252212646661665,2.990219112895633
0.5205199817628253,2.985316336208239
0.5158381875549466,2.980394924750055
0.5111757802698521,2.9754551759652688
0.506532968421571,2.9704969844429114
0.5019097707889316,2.9655204869597327
0.4973062635404686,2.9605257580712987
0.49272251005611706,2.9555128881899866
0.4881585379992563,2.950482004603039
0.48361449368585674,2.9454331098466606
0.47909044854203914,2.9403662779564734
0.47458645335824357,2.93528160702593
0.47010258147186196,2.9301791728884017
0.4656388474990651,2.925059137495546
0.4611954694148288,2.91992142947838
0.45677233947417023,2.914766322173358
0.452369643427898,2.9095937441723767
0.4479873937250943,2.9044038377470267
0.4436256909956486,2.8991966399571765
0.4392845832470854,2.8939722494375673
0.4349641423662177,2.888730743965499
0.4306644237530494,2.8834722159733936
0.4263854499533722,2.8781967978144807
0.42212736602529377,2.8729044987741963
0.4178902398334093,2.8675953964272507
0.41367411746931926,2.8622695915550653
0.4094790945080576,2.856927142100825
0.405305116778603,2.851568277994778
0.4011523810713285,2.846192937213829
0.3970209710633837,2.840801212471856
0.392910847321954,2.835393238125699
0.38882210288388513,2.8299690876967625
0.3847548321449716,2.824528805573767
0.38070907578889424,2.8190724947688164
0.3766849009476128,2.813600236807046
0.3726823556376162,2.80811212568337
0.3687014571527113,2.802608298178901
0.36474234819573137,2.797088770492853
0.36080509187617454,2.7915536238522765
0.35688972859594165,2.7860029613276547
0.35299631814753213,2.7804368713358225
0.34912492000810824,2.7748554963600487
0.3452755742979978,2.769258896059865
0.3414484710999278,2.763647063775884
0.3376434406432186,2.7580202538531737
0.333860697082583,2.7523784347416593
0.3301002872218555,2.7467216951384614
0.32636224619163046,2.741050140040601
0.3226466362275677,2.7353638541996794
0.3189534981660799,2.7296629324855792
0.31528284414857594,2.723947515619428
0.31163481445218355,2.7182176265258486
0.30800946732039386,2.7124733500424627
0.30440683681756064,2.7067147914882987
0.30082697605093334,2.700942040865328
0.2972699389962878,2.6951552471807636
0.29373575821997416,2.689354467207839
0.2902246179203342,2.6835397188566263
0.2867363669496165,2.677711220082121
0.28327118635412485,2.6718689715747943
0.27982913086617284,2.66601306014857
0.2764102307295319,2.660143592108071
0.2730145429667706,2.654260655080779
0.2696421009956835,2.64836434462328
0.2662929119619524,2.642454804983199
0.2629671137629339,2.6365320651664113
0.2596647599295049,2.6305962132336465
0.2563858785252189,2.6246473565351316
0.2531304734642498,2.6186856271705397
0.24989876722474524,2.6127110428345577
0.24669052921295512,2.606723838468853
0.24350609697605524,2.6007239342924384
0.2403452805506084,2.594711563600268
0.23720825799941092,2.588686739073724
0.23409508004003765,2.5826495501897604
0.23100577136979,2.5766001053033936
0.22794038468424946,2.570538495162179
0.22489894689489057,2.5644648149640057
0.22188096073995492,2.558379074934897
0.21888455712667418,2.5522819928027003
0.2159099308820031,2.54617486787225
0.21296027278657423,2.54005665314283
0.21003584561024233,2.5339258973665597
0.2071350110268413,2.5277835060480025
0.2042579773190512,2.5216303285927415
0.20140585144741885,2.5154656937832036
0.19857761025645415,2.5092894622368216
0.1957709771835368,2.503102675327254
0.19298593801057018,2.49690649674079
0.1902238347211451,2.490700351260115
0.18748441766027743,2.4844838711361383
0.1847670250036308,2.478257617254485
0.18207198458195342,2.472021845401396
0.17939970777577238,2.46577628873525
0.17675005496052423,2.4595210020765528
0.17412272549698718,2.4532563773139384
0.17151813972565935,2.446982284308209
0.16893622601816743,2.4406988499104014
0.16637699116803964,2.434406100790607
0.16384043178824856,2.428104172580333
0.16132658073696887,2.4217931719342642
0.15883553250157217,2.4154731181436433
0.15636729789840392,2.4091441086455174
0.15392190130362973,2.402806237599905
0.15149938663212964,2.3964595739208043
0.14909975566521924,2.3901041945763257
0.1467229753507575,2.383740265383348
0.14436929435597176,2.3773677498044967
0.14203852482635318,2.370986871453796
0.13973080539267455,2.3645975885640365
0.13744615950102795,2.3582000543751995
0.13518462306649537,2.3517943017490586
0.13294621381219363,2.3453804244108594
0.13073093776253333,2.338958496737159
0.12853877553103668,2.3325286589361833
0.12636983794448714,2.3260909447724067
0.12422415118786594,2.319645434293272
0.12210171735556524,2.3131922206740754
0.12000256724927093,2.3067313848398148
0.11792664967295718,2.300263046756321
0.11587417909663761,2.2937872377266415
0.11384498219262171,2.287304151151902
0.11183920093701619,2.2808137463786595
0.10985683134381945,2.2743161704247323
0.10789793739516555,2.267811472859544
0.10596252200019507,2.2612997476739625
0.10405061552930843,2.2547810764494716
0.10216222089183967,2.2482555298247298
0.1002973132195231,2.241723251886801
0.09845600004925989,2.2351842807462545
0.09663831456421697,2.228638706572983
0.09484419498706231,2.2220866248342275
0.09307382214618949,2.215528099542956
0.09132694151039293,2.2089633126316923
0.08960386543916435,2.202392228228265
0.08790444879897409,2.195814947163183
0.08622869468200939,2.189231615596378
0.08457671521289928,2.1826422739834057
0.08294853807212317,2.1760470048589635
0.08134416374439579,2.16944590146447
0.07976361896515294,2.1628390469876257
0.07820690303228875,2.1562265092034543
0.07667398828584589,2.14960843652239
0.07516498698627137,2.142984882151062
0.0736799047370503,2.136355911722211
0.07221877282228406,2.1297216787302737
0.07078146471202992,2.1230822018006665
0.06936819846399182,2.116437598644503
0.06797888311881314,2.1097879286694314
0.06661353126457621,2.103133260699044
0.06527211417936143,2.0964737471807227
0.06395473998043338,2.0898094308355524
0.06266143220860819,2.0831403951162977
0.0613921876491189,2.076466733430881
0.06014703071984686,2.069788530290745
0.05892589482024028,2.0631058903780435
0.05772899172066978,2.056418881797363
0.05655611055333613,2.0497276672485114
0.05540741951758282,2.0430322339192095
0.054282866020488506,2.0363327190094394
0.05318250547702563,2.029629181708215
0.0521063252107888,2.0229217139229965
0.05105434018372775,2.0162104003491628
0.050026539706565454,2.009495299154251
0.04902288898164462,2.0027765713839845
0.048043489857309836,1.9960542605435174
0.047088359956681404,1.9893284510682638
0.04615749110900338,1.9825992359055062
0.04525089291279281,1.9758666800951625
0.044368570029730235,1.9691309821600609
0.04351051332951772,1.9623921060379776
0.04267688026390234,1.9556501843648755
0.04186746117677701,1.9489053275718322
0.041082402156673206,1.9421575908503386
0.04032171374047185,1.9354070581716183
0.03958537822605785,1.9286538218789502
0.03887340593079165,1.9218979656257624
0.03818577952753177,1.9151395390949306
0.037522458367381564,1.9083787173091837
0.036883538978237915,1.901615541644351
0.03626910648171457,1.8948500883286246
0.03567892127188791,1.8880825365857117
0.03511323071710982,1.8813128445877851
0.03457188146123788,1.874541187851585
0.034055019084125636,1.86776761183133
0.03356259538059961,1.8609922113004906
0.03309462239170131,1.8542150745041077
0.032651113471064024,1.8474362708545857
0.032231955208621606,1.8406559342318498
0.03183739896174246,1.8338741102576737
0.031467142993718784,1.8270909671622917
0.03112148471854087,1.8203065243125462
0.030800248380261443,1.8135208294280674
0.030503414508709262,1.8067340516678234
0.030231075077456798,1.7999462435733966
0.029983237168806527,1.7931574903541816
0.02975988094696763,1.786367882455683
0.029561016042223134,1.7795775048134355
0.029386557147455722,1.7727864460447753
0.02923672835701164,1.765994819035714
0.029111228109955534,1.7592027131020587
0.029010358359771955,1.7524102150277971
0.02893398401164945,1.745617360042739
0.028882047770073926,1.7388242732207213
0.028854587538776146,1.7320310545219821
0.028851686354964122,1.7252377743860645
0.028873296313838,1.7184445304355596
0.02891936100387815,1.71165138902047
0.028989945944277434,1.7048585062453168
0.02908495853113326,1.6980659016218855
0.029204516328663596,1.6912736957119343
0.02934856471171289,1.684481957868597
0.029517110622668933,1.6776907718675167
0.029710130647169795,1.6709002215849527
0.029927576953326443,1.6641104212379134
0.03016953783437261,1.657321446881029
0.030436014245376928,1.6505333819290524
0.03072699364634609,1.6437463202775142
0.03104241286114699,1.6369603910090507
0.03138225809681713,1.6301756301249009
0.03174667651057449,1.623392161905574
0.03213550731695627,1.6166100359568027
0.032548728102439625,1.6098293540261857
0.03298642178849693,1.603050203303184
0.03344858531502859,1.5962726684688844
0.03393518825853453,1.5894968360895152
0.034446229404083976,1.582722797371299
0.03498167961737297,1.57595064249637
0.035541485390180566,1.5691804532758085
0.036125730200122344,1.5624123243604366
0.036734419470092594,1.5556463454605731
0.037367455210088614,1.5488826213513502
0.03802499696734291,1.5421212408547669
0.038706762914097026,1.5353622798208193
0.03941298729378411,1.528605837796499
0.04014350837283064,1.5218519848971064
0.04089843299035666,1.5151008018193248
0.04167770358817055,1.5083523752767907
0.0424813167254352,1.5016068098628026
0.04330914947360725,1.4948641722395288
0.04416133424561617,1.4881245638532317
0.04503790714638726,1.481388071446771
0.045938668286754705,1.474654759632254
0.046863694694512285,1.4679247648073377
0.04781300519103577,1.4611981337188547
0.04878660962616037,1.4544749621661424
0.04978444577348293,1.4477553356638309
0.050806522071566586,1.4410393638249825
0.05185270313243458,1.4343271203022245
0.05292318657691797,1.4276187144806336
0.05401780924382061,1.4209142031528255
0.055136555851094275,1.4142137231853962
0.05627956108682574,1.4075173044430092
0.057446662183481746,1.4008250814601784
0.058637827466128986,1.3941370723867552
0.05985313077649224,1.3874534014029074
0.06109256075786961,1.380774152263126
0.06235607733110925,1.374099407246679
0.06364366760163183,1.3674292563466277
0.06495529030076472,1.3607638181549309
0.06629087923572226,1.3541031130058072
0.06765050507588545,1.3474472676409277
0.0690341528312744,1.3407963649236467
0.07044179335415451,1.334150482521266
0.07187330948489765,1.3275097645773828
0.07332884322769671,1.3208742570833434
0.07480824568465827,1.314244024908975
0.07631149808109897,1.3076192168865424
0.07783870750589754,1.300999855756313
0.07938977372261044,1.2943860349643161
0.08096469865472358,1.287777856037938
0.0825633843632872,1.2811754071000179
0.0841858488859892,1.2745787320154118
0.08583215478340706,1.2679879560090583
0.08750222241517626,1.2614031519364282
0.08919603134837666,1.2548244026735667
0.09091356593867668,1.248251812798875
0.09265472596192978,1.2416854667141453
0.09441952553763955,1.2351254083600443
0.09620809777028114,1.2285717745561862
0.09802012378145507,1.222024662375589
0.09985579358871693,1.2154841387755952
0.10171508342621835,1.2089502767835518
0.10359791956238174,1.2024231502315534
0.10550429932575801,1.1959028625510681
0.10743412281231889,1.1893894912069114
0.10938740384127786,1.1828830910396133
0.11136420032650164,1.176383785725305
0.11336442941504384,1.169891642923634
0.11538808691936711,1.1634067423875576
0.11743501328123179,1.1569292209043196
0.11950534353758226,1.1504591280641654
0.12159896840100702,1.143996540715085
0.12371590468576284,1.13754154011426
0.12585610906240607,1.131094210471148
0.12801953267038255,1.1246546596973162
0.13020610147683429,1.118222910316367
0.1324158759625426,1.1117990921240928
0.13464884004528435,1.1053832869409501
0.13690487915361063,1.0989755924500655
0.13918408399289034,1.092576076598313
0.1414862657180109,1.0861848388458482
0.14381154134423688,1.079801934839376
0.14615982909883005,1.0734274494067473
0.14853109900431802,1.0670614657812756
0.15092532596532543,1.0607040813074353
0.15334240099752702,1.0543553607483405
0.15578232589697683,1.0480153730573107
0.15824517951386632,1.0416842458233626
0.16073075201639753,1.0353620619892214
0.16323921750302353,1.0290488961503486
0.16577028902724386,1.0227448039965057
0.16832411746847556,1.0164498723258841
0.17090066152961783,1.010164193761435
0.17349986709215126,1.0038878407146261
0.17612191924077636,0.9976213553541332
0.17876860638363345,0.9913659212264536
0.18144089589651663,0.9851211260624895
0.18413769542950778,0.9788865541288502
0.18685857351439794,0.9726626957600258
0.1896043112504023,0.9664498628549358
0.19237471023418398,0.960247884387873
0.19516914984464032,0.9540562730871922
0.1979859956025405,0.9478742334328074
0.20082427341384596,0.9417022276537137
0.20368496942802758,0.9355408463869179
0.20656829702762758,0.9293898282717008
0.20947346320476778,0.9232490213361877
0.212400722300352,0.9171188383761321
0.2153500625378728,0.9109992936385027
0.21832165249319596,0.9048904215586814
0.2213151219824536,0.8987922632522328
0.22433069535535732,0.8927054132081684
0.22737024195598043,0.886631161493613
0.23043472018680766,0.880569180838385
0.2335229466116266,0.8745189398816717
0.23663458150936348,0.8684809185113811
0.23977024756998483,0.8624554755463638
0.24292980786825885,0.8564423829991332
0.24611296778905326,0.8504417406168999
0.24931972594694857,0.8444537821927706
0.25255023770568363,0.8384785930605432
0.2558042727153459,0.832516140933955
0.2590817418796027,0.8265665448579088
0.26238275568888014,0.8206299924823743
0.26570723477792374,0.8147065222150193
0.2690550845093615,0.8087962071160308
0.2724262589128765,0.8028991693829504
0.27582060446983486,0.7970154660057164
0.27923831164714175,0.7911452810392412
0.28267900168382515,0.7852885662481351
0.2861429275275664,0.7794455500069837
0.2896298688086698,0.7736162545417506
0.29313973940230686,0.7678007279227214
0.2966725689881953,0.7619991198369853
0.30022831115035814,0.7562115203752446
0.3038068885366889,0.7504380045162943
0.30740824945703854,0.7446786652587933
0.31103223825744397,0.7389335603440477
0.3146789820459153,0.7332028679640903
0.31834828910361246,0.7274866109012235
0.3220401644654042,0.7217849106935341
0.3257545601753259,0.7160978431494672
0.3294913363728148,0.7104254584322879
0.3332504671068507,0.7047678537209372
0.33703210495405117,0.6991256728746073
0.3408377141430781,0.6935003652486396
0.34466835324602196,0.6878918062491257
0.34852294788281546,0.6822993282864496
0.3524009781419072,0.6767233181868211
0.3563030570642828,0.6711642431894131
0.36022926915219344,0.6656220279660574
0.36417897353513623,0.6600965298361389
0.36815240613214295,0.6545881513899895
0.3721494116201527,0.6490968794997141
0.3761699094664076,0.6436222873980213
0.38021222118663517,0.6381630207254239
0.384275187642926,0.6327193903559662
0.3883597521578948,0.6272922836810604
0.39246617139517426,0.621881447506538
0.39659366796323353,0.6164865603208434
0.40074238477171126,0.611108588406337
0.4049140320477313,0.6057492075732879
0.40910964960455143,0.600408189719131
0.4133279132557058,0.5950846843993435
0.41756848558451637,0.5897792295118842
0.4218321216234282,0.5844923953655159
0.4261185336989634,0.5792238261752723
0.43042734860761866,0.5739735479780927
0.43475861409218375,0.568741871361365
0.43911251375755567,0.5635289878068105
0.443488623853957,0.5583346911216093
0.4478869612267923,0.5531592200402433
0.45230753378888616,0.5480027352866316
0.45675027976322047,0.542865319847563
0.46121490452898534,0.5377469177309967
0.465701489552509,0.5326477517873222
0.47021005872777594,0.5275684586871856
0.4747417969081186,0.522510652767554
0.47929773783421,0.5174743590622651
0.48387695658322555,0.5124588158325888
0.4884789551040909,0.507464423679636
0.4931041975108035,0.5024916930302761
0.49775266995443235,0.49754048069230716
0.5024238797576331,0.49261068590868
0.5071178503304477,0.4877026903633643
0.5118345171363449,0.482816534463362
0.5165739387695063,0.4779523663873096
0.5213356361371073,0.4731100578500897
0.5261198305862987,0.46828998493910956
0.5309263581595177,0.463492156135685
0.5357550379721047,0.45871660739422976
0.5406058676219778,0.45396306092590544
0.5454773260988558,0.4492307925055131
0.5503708211851553,0.4445233833831656
0.5552893419785851,0.4398419102218404
0.5602316389399239,0.43518441443972844
0.5651959178003506,0.43055077546634757
0.5701833345779239,0.4259425219228755
0.5751941239135094,0.42135934099697325
0.5802275534760278,0.4168002964262579
0.5852822708331876,0.41226418225048334
0.5903571519602909,0.40775104144839636
0.5954530650904993,0.4032619225259422
0.6005700492512387,0.39879656309130534
0.6057076151374565,0.3943548049254207
0.6108654447922466,0.38993682347035324
0.6160438976889161,0.38554303469581275
0.6212426473246456,0.3811732282784037
0.6264615116459241,0.37682749047045605
0.6317004630220383,0.3725071242122377
0.636961633035938,0.36821575063553336
0.6422470631770871,0.36395359902931795
0.6475551500336536,0.35971877182544615
0.6528849417337481,0.35551133189212003
0.6582362297664255,0.35133057424389225
0.6636078733759619,0.3471759123415769
0.6689999527863976,0.34304817613482735
0.6744128019299129,0.33894766844971064
0.679845953119398,0.33487391321613724
0.6852992142910577,0.3308271728054026
0.6907726414529742,0.3268078243999625
0.6962659931214287,0.32281570405809834
0.7017791620316851,0.3188509557141337
0.7073120309146711,0.31491379292866356
0.7128643429324227,0.311004161012373
0.7184360205202781,0.30712335727769136
0.7240286844962002,0.30327506213821465
0.7296445217435786,0.29945990433219444
0.7352820338338211,0.2956757920552865
0.7409401393027049,0.29192259328960735
0.7466187843017924,0.28819981383652077
0.7523167775345255,0.28450666670872093
0.7580341091924538,0.2808439304893283
0.7637710912897988,0.27721197107998535
0.7695274980321514,0.27361062493832544
0.7753027025694595,0.27003961837722584
0.7810969614621406,0.2664996475649262
0.7869099773552325,0.26299049144402636
0.7927416102317458,0.25951230811552023
0.7985917289234498,0.2560653493740346
0.8044597836440928,0.2526504650638236
0.8103474058914855,0.24927183889626942
0.8162565545846533,0.24593012615696763
0.8221859035864298,0.24262322784356694
0.8281341604148383,0.23935128194480568
0.8341020940409732,0.23611579446611017
0.8400898146905138,0.23291648013632485
0.846096606898288,0.22975229735578434
0.8521214661097005,0.22662165137605358
0.8581634959326151,0.22352468830878547
0.8642230112354415,0.22046249206175814
0.8702999700738818,0.21743476535131687
0.8763939417827684,0.21444123501609288
0.8825046558388903,0.211482270781238
0.888632185379521,0.20855830144669
0.894776118151524,0.20566891255333988
0.9009358622642375,0.20281583095983202
0.9071131281668599,0.20000537962345613
0.9133108011317382,0.19723861977318038
0.9195275293509564,0.19451179195938387
0.9257608393915512,0.19182296889896508
0.9320106671947522,0.18917415007497168
0.9382775051807563,0.18656562573197122
0.9445610091797465,0.18399669780818562
0.9508604622678477,0.18146744805359424
0.9571759656514168,0.17897798205840626
0.9635070224267746,0.17652631954623496
0.9698521740552332,0.17411182932844715
0.9762113502351494,0.17173568871713593
0.9825850838593551,0.16939835251524837
0.9889728181042554,0.1670991675513254
0.9953742460767725,0.16483776701654582
1.0017879384357777,0.16261490598108422
1.0082147674389947,0.16044034095092688
1.0146598187394957,0.1583178015243882
1.0211217443033127,0.1562408768436576
1.027597149214112,0.154206924841319
1.034086044000428,0.15221933780930333
1.0405896259753442,0.15027800415332404
1.047106965727476,0.14837951350936113
1.0536358726679362,0.14652313201262934
1.060176867470464,0.14471138195929545
1.0667306613231322,0.14294371041846377
1.0732960623759895,0.14121665895788854
1.079871546513076,0.1395304279487127
1.086457493587341,0.13788680634496733
1.0930543363791265,0.13628489982620806
1.0996595223713421,0.13472506397050896
1.1062729796625073,0.1332219278597288
1.112901644877915,0.13178147724735978
1.1195443365612545,0.130393922013001
1.126196745710039,0.12905667059735104
1.132859043828671,0.12777378590019664
1.1395325560744447,0.12654379081704417
1.1462156554445946,0.12536302444604736
1.152907002314347,0.12423109676197674
1.159606631690648,0.12314821235660064
1.1663145268513204,0.12211286262904554
1.1730293817890054,0.12112285290303687
1.1797510113542093,0.12017814676917396
1.1864789942643699,0.11927758353934795
1.1932129757397363,0.11841964768358619
1.199953113210465,0.11760233015446354
1.2066940920703635,0.11682742806667971
1.2134329276707108,0.11612635533544528
1.220183282189199,0.11551330272508292
1.2269456611670175,0.11496558556782137
1.233711209438301,0.11447491332173843
1.2404793483705856,0.11405017714482404
1.2472539919482384,0.11368951576252691
1.2540334401154802,0.11338175745878734
1.260814318641394,0.11312541662413324
1.267597026824557,0.11292251028241858
1.274382585288796,0.11276941555190033
1.2811696563198403,0.11266170889592259
1.287957396186088,0.11259851000268606
1.2947460072726071,0.11257775241730525
1.3015453905913505,0.11258711284493338
1.3083752012039924,0.11255024668380981
1.315218657276625,0.11236005525532862
1.3220396017079998,0.11202658242697189
1.3288503223185415,0.11160599780753366
1.33566428580087,0.11107718133144608
1.3424663439270088,0.11041444038047085
1.34925002408353,0.10963759746871742
1.356022314509285,0.10875525349412954
1.3627814196217738,0.10775509046584579
1.3695202734329028,0.10663587530545737
1.3762385027472495,0.10540505900105777
1.3829366607023097,0.10406199453013423
1.3896112380051278,0.10260334924036009
